200
0 0 0 0 0 0 0 0 0 0 0 0 0 0 0 0 0 0 0 0 0 0 0 0 0 0 0 0 0 0 0.00442618 0.0730319 0.226473 0.578038 0.940247 2.20529 3.32364 5.1996 6.04964 7.5793 7.38856 5.86268 4.23849 5.13026 9.98651 8.77037 4.94088 3.21572 3.82748 10.0813 1.37812 
0 0 0 0 0 0 0 0 0 0 0 0 0 0 0 0 0 0 0 0 0 0 0 0 0 0 0 0.0315882 0.177896 0.38252 0.321552 0.45166 2.13276 5.0497 6.65039 6.78853 5.8316 6.34173 8.6638 10.1297 7.79354 4.59561 2.70569 4.18592 5.92298 4.78625 2.38686 0.68316 0.965761 3.66151 0.359326 
0 0 0 0 0 0 0 0 0 0 0 0 0 0 0 0 0 0 0 0 0 0 0 0 0.0115016 0.0745474 0.199503 1.0749 3.11459 5.49947 6.36216 7.11402 7.6208 7.55847 6.94625 5.83259 4.99666 4.8776 3.95548 2.3349 1.66645 1.02187 2.19986 4.1114 3.45935 2.9902 1.42996 0.809088 1.25034 4.15797 0.330067 
0 0 0 0 0 0 0 0 0 0 0 0 0 0 0 0 0 0 0 0 0 0 0 0 0.0281464 0.124503 0.241569 0.568676 1.48905 3.34486 4.88902 6.6188 7.10168 4.94929 2.85758 1.54087 1.3577 1.63528 1.67526 2.12197 2.35804 2.34942 3.50942 6.36252 11.3645 6.91319 3.94996 2.29989 3.10194 7.11529 1.1316 
0 0 0 0 0 0 0 0 0 0 0 0 0 0 0 0 0 0 0 0 0 0.00105634 0.0593662 0.368592 1.59486 4.29296 7.49789 8.04577 6.60951 4.34218 5.41577 7.84655 9.82239 8.26014 4.52894 2.82775 1.69592 1.44317 1.40761 0.95493 0.803592 0.871761 1.09521 1.02937 1.02225 0.612606 0.268028 1.29937 1.88761 4.96486 0.13 
0 0 0 0 0 0 0 0 0 0 0 0 0 0 0 0 0 0 0 0.0120968 0.346399 1.14207 1.52944 1.25525 1.91607 4.21052 7.41401 7.07277 5.12903 2.68623 1.53179 0.722337 0.664197 0.641973 0.373593 0.584677 0.566673 0.660915 0.524006 0.66551 0.521193 0.641692 0.429576 2.13044 8.58721 10.9616 4.39966 5.5979 4.6958 10.2447 3.14066 
0 0 0 0 0 0 0 0 0 0 0 0 0 0 0 0 0 0 0 0.00192197 0.0621436 0.420591 1.03351 2.77801 4.86854 6.62349 7.43494 5.46999 2.95317 1.38785 0.902364 0.769748 1.12179 1.67724 2.35998 3.85906 5.73836 7.44128 5.62522 6.92831 3.46396 2.13198 1.87321 2.18079 2.38657 1.50151 1.05548 0.96643 1.57877 4.05811 0.345698 
0 0 0 0 0 0 0 0 0 0 0 0 0 0 0 0 0 0 0 0.00621676 0.125855 0.544035 1.38392 3.46577 6.43331 6.28431 5.21807 3.08959 2.25945 1.52076 0.905989 0.29799 0.425641 0.935208 1.56448 2.01755 1.73047 1.60717 2.54328 3.85729 4.0661 5.49969 5.62174 7.94274 6.90813 4.24971 2.45603 1.413 2.09988 3.62596 0.90067 
0 0 0 0 0 0 0 0 0 0 0 0 0 0 0.00071614 0.0015218 0.0328529 0.27455 2.91934 7.91567 10.0004 7.83591 4.06588 4.89177 7.89213 7.32495 5.09999 2.05514 0.861337 0.41008 0.173485 0.143407 0.325575 0.446782 0.636827 0.598156 0.663593 0.348402 0.419748 0.283144 0.690448 2.00045 4.5474 3.99329 3.77075 3.0854 1.5884 0.780056 3.36308 1.38877 0.17062 
0 0 0 0 0 0 0 0 0 0 0 0 0 0 0 0 0.0370605 0.360148 3.06712 8.20689 8.91087 6.57994 2.68277 0.818745 0.427523 0.265958 0.225314 0.341639 0.496711 0.365461 0.20145 0.0944009 0.342483 1.17442 2.44241 2.94283 2.78464 3.47268 3.77507 5.82891 4.24374 4.77477 4.34126 5.6579 5.2824 3.90349 2.37583 0.904882 0.787419 2.34012 0.542752 
0 0 0 0 0 0 0 0 0 0 0 0 0 0 0 0.0287846 0.220911 0.368185 1.80902 4.70797 6.21398 5.49977 3.11186 2.05955 2.21764 2.95104 5.53769 5.46566 5.31161 5.18215 5.20553 4.15398 2.45621 0.948447 0.677201 0.835364 1.44426 0.560996 0.751066 0.520484 0.749543 1.44449 3.05643 3.07265 2.71969 2.39994 1.1839 0.901157 4.21162 2.82645 0.194791 
0 0 0 0 0 0 0 0 0 0 0 0 0.00886525 0.0859929 0.293735 0.64539 1.4078 2.27438 4.92538 7.87618 8.94311 10.9681 7.91386 4.50103 3.17435 4.13268 3.14406 2.47547 3.09959 2.55866 1.71986 0.868203 0.764184 1.32713 0.739953 1.444 1.09146 1.34796 0.614066 1.18706 0.955674 1.6281 1.02305 1.20567 1.25665 1.42598 0.266696 1.00251 0.970006 1.34752 0.385638 
0 0 0 0 0 0 0 0 0 0 0 0 0 0 0 0.00623593 0.081067 0.483284 1.17573 2.01507 4.07838 5.25628 4.03984 3.0427 3.87537 7.23532 11.4345 10.1887 6.76589 4.99783 3.38758 1.989 1.48077 1.18526 0.809458 1.3383 1.47003 1.14871 0.900745 0.972112 0.767712 1.22701 1.19141 0.967694 1.06955 0.980859 0.296986 0.91772 1.27568 2.69392 0.253248 
0 0 0 0 0 0 0 0 0 0 0.0336215 0.126801 0.0720461 0.491515 1.78995 2.92219 3.1189 1.19789 1.01163 2.20792 3.35682 3.72185 1.96093 0.87053 0.406554 0.0910449 0.279219 0.616608 0.723877 0.439321 0.238232 0.214644 0.503042 0.548298 0.710215 1.05145 1.03661 0.8336 0.932864 1.60572 2.55385 2.44551 3.0666 5.04333 12.4188 8.61479 4.30355 2.29203 7.43879 8.02049 1.68833 
0 0 0 0 0 0 0 0 0 0 0 0 0.0009113 0 0.00072904 0.0346294 0.30243 0.532017 2.69909 5.24866 6.38032 5.91391 3.56889 1.96002 1.11166 0.556561 0.341798 0.660996 1.40231 1.19769 1.46166 3.85838 7.5788 9.14174 5.54872 5.98244 3.69125 3.73815 1.65158 0.978311 0.87096 1.71665 1.77637 1.67576 1.6955 1.17503 0.517983 0.711604 2.22467 2.73791 0.353888 
0 0 0 0 0 0 0 0 0 0.00423042 0.234154 0.491786 0.522668 1.85038 4.34725 5.72742 5.32779 2.15427 2.81351 7.35507 9.64711 7.30029 3.53 1.23415 0.477967 0.515758 0.84277 1.09702 0.866319 0.447719 0.457167 0.571177 0.944511 0.872946 0.797011 0.907706 1.14849 1.07269 0.58697 0.308256 1.30445 2.73052 3.35345 3.18579 2.17824 2.19968 1.60622 1.32179 3.54685 2.41973 2.69872 
0 0 0 0 0 0 0 0 0 0 0 0 0 0 0 0.0392358 0.237338 0.0815489 1.59713 4.68945 5.95884 4.50814 2.23541 1.96974 4.27991 4.27901 3.97769 2.6547 2.85319 3.88422 4.1663 3.47596 2.43916 1.45326 0.735222 0.440441 0.304142 0.137197 0.150019 0.200923 0.255161 1.16028 3.25747 5.65252 4.30914 4.03257 2.71278 1.79228 5.94025 4.29376 0.845621 
0 0 0 0 0 0 0 0 0 0 0.0199262 0.123458 1.13664 5.17396 9.81687 14.2161 12.4886 4.77628 1.52198 0.248814 0.774908 1.93664 1.87148 0.818977 0.455561 0.7068 1.62203 1.49257 1.08455 0.432472 0.794518 1.22151 1.64038 1.03152 1.03332 1.59167 2.13527 1.68919 1.09109 0.647338 2.3922 2.56415 1.95361 0.547074 0.966052 0.532736 0.673379 0.997575 2.78334 1.24418 2.75129 
0 0 0 0 0 0 0 0 0 0 0.115025 0.56 0.789445 1.69815 5.07254 7.75213 6.84303 2.82534 0.795294 0.230588 0.341311 0.814924 0.747765 0.677983 0.426017 0.426286 0.69916 0.916571 1.00121 0.679059 0.550723 0.509513 0.746555 0.602824 0.551328 0.928538 1.14131 1.95173 3.52679 7.75005 6.84134 8.07059 5.06481 4.94124 3.80484 3.13002 2.01089 1.63469 0.957378 2.2437 0.629311 
0 0 0 0 0 0 0.107739 0.406719 0.179609 0.840405 2.60088 2.43343 1.98252 1.49386 2.83651 3.08837 2.8523 1.80428 0.348366 0.0406784 0.24667 1.07128 1.03548 0.313926 0.128014 0.399961 1.05705 1.5695 2.96679 5.51576 7.72662 8.24673 6.60426 2.60998 0.918188 0.552343 1.24362 1.58158 0.856521 0.485152 0.901423 1.81253 2.35473 2.68919 2.04497 2.35792 1.10001 2.04555 2.57346 4.80999 2.16512 
0 0 0 0 0 0 0 0 0 0 0.026585 0.176906 1.2692 2.25025 4.99705 7.66127 6.83465 2.6971 0.711437 0.262267 0.370629 0.968214 0.636653 0.408946 0.312142 0.408022 0.800381 0.856903 0.902734 0.719991 0.823094 1.47691 2.38063 3.53216 5.54314 7.39693 7.28533 8.24689 3.46813 1.57955 1.58886 1.29174 1.03872 2.1728 2.81968 1.46506 1.22239 0.89863 0.977345 2.11715 0.403514 
0 0 0 0 0 0 0 0 0.623992 3.29662 6.63433 6.78908 4.13985 3.10331 5.26665 6.95698 6.84096 3.1268 1.08027 0.102611 0.713197 2.50999 2.1778 0.596828 0.177357 0.869523 2.20067 1.76455 0.748686 0.316859 0.893095 1.83176 2.05512 1.36032 0.788381 1.24895 2.10393 2.01945 0.79986 0.61558 1.99685 2.8902 1.99667 0.42061 0.412548 0.596302 0.41579 1.52348 1.74623 3.18971 2.05827 
0 0 0 0 0 0 0 0 0 0 0 0.104742 0.134474 1.06674 5.5113 8.16285 7.6497 2.96328 0.825241 0.27451 0.28713 1.01576 1.70381 2.30246 4.93825 6.61141 7.82332 6.14624 4.42275 2.54025 1.60349 1.13583 1.49212 1.0015 0.816257 1.2 1.73262 1.51023 0.940606 0.74467 0.906381 1.60692 1.73134 1.6815 2.07743 1.43672 0.846631 1.1436 1.04164 1.65911 0.207201 
0 0 0 0 0 0 0 0 0 0.00322061 0.0402576 0.258454 0.197799 1.27375 9.13124 12.5459 13.1006 2.9847 0.977456 1.41358 1.7292 2.1307 1.12748 0.621578 0.238862 0.749061 1.2496 1.25899 0.909823 0.516103 0.719538 0.751744 1.41197 1.13258 1.24262 3.04777 3.18706 2.81347 1.82313 0.480408 1.7351 2.5153 0.864466 0.87037 1.61218 1.42163 1.25389 3.34353 2.33441 2.77456 3.20585 
0 0 0 0 0.000590726 0.000295363 0.0180171 0.387221 0.235109 0.966919 3.27036 3.99596 1.77346 0.996554 1.65108 2.27843 2.80319 1.23452 2.41587 6.40455 7.07601 6.34459 2.99173 1.37127 0.831643 0.534311 0.862361 0.996751 1.14719 0.730629 0.566309 0.678153 0.889928 0.984444 1.12986 1.36349 1.47307 0.903318 0.350005 0.476814 1.43428 2.70858 2.69991 2.50497 1.41223 2.05189 1.707 3.03958 7.88609 3.83499 1.58649 
0 0 0 0 0 0 0 0 0 0 0 0.0982071 0.287738 1.80046 5.08492 7.27133 6.60805 2.59781 3.84208 8.77597 9.96318 8.36522 3.59405 1.29326 0.52081 0.476229 1.04922 1.10861 0.893629 0.41612 0.459661 0.626381 1.21858 0.730911 0.925964 1.15439 1.7141 1.00736 0.758364 0.406675 1.59805 2.51185 3.13078 2.37818 2.45558 1.58132 1.17368 1.14583 1.30006 0.621658 0.0537058 
0 0 0 0 0 0 0 0 0 0.000300631 0.346728 0.439022 0.477904 1.79968 4.67953 6.23389 5.58332 2.21225 0.483415 0.10021 0.348331 1.1439 1.34613 2.90881 6.58463 6.94158 6.26786 3.35284 1.78725 1.58302 1.01503 1.00431 1.24341 0.689548 0.46658 0.978455 1.54304 1.48542 1.01112 0.289508 1.08839 1.97084 2.91282 2.5236 2.9037 1.8072 1.68023 1.68965 3.09781 3.7626 3.21615 
0 0 0 0 0 0 0 0 0 0 0 0.00649675 1.03165 6.18874 9.71931 18.1759 12.3228 4.31518 2.90788 1.91221 2.0743 2.26787 1.75895 0.744628 0.434449 0.776945 1.25954 1.23072 0.64701 0.546727 0.961686 1.17858 1.37864 1.11777 0.951524 1.42112 1.40013 1.17541 1.03848 1.007 2.44394 2.55389 1.3385 1.17308 1.26803 0.598201 0.249042 0.181243 1.01799 0.15409 0.0702982 
1.90334 1.85646 1.21712 2.01972 1.79851 1.52072 2.41917 2.91729 1.4356 0.925463 1.01924 0.626753 0.990462 0.715877 1.1429 0.815901 1.03575 0.574657 0.550533 0.96714 0.790815 0.7174 0.485052 0.623467 0.873607 0.897732 0.819748 2.0638 4.76517 7.90895 9.16743 7.12239 4.08215 1.41572 0.838583 0.852208 1.39705 0.801074 0.985894 0.9891 0.913361 0.960888 1.76901 3.05514 2.05274 2.96538 1.79931 1.7735 0.588843 1.02533 0.0465657 
0 0 0 0 0 0 0 0.0234943 0.0145441 0.706508 7.32295 8.66064 3.36994 1.41917 4.43166 5.40817 3.84673 2.36304 0.58885 0.182174 0.924669 2.11878 1.30878 0.537386 0.442103 0.956741 1.76077 1.35074 1.33526 0.597986 0.574119 1.35018 2.20455 1.4132 0.759836 1.40164 2.48518 1.72814 0.603767 0.417117 1.84393 3.33899 1.42252 0.246317 0.662689 1.16521 1.88961 5.85363 2.84542 5.52806 3.59482 
0 0 0 0 0 0 0 0 0.0760428 1.00794 2.29743 2.4258 2.89406 2.52123 4.31358 4.8876 3.9916 2.10742 0.442968 0.0956995 0.46244 1.30168 0.800757 0.126615 0.145257 0.609358 1.37855 1.81174 4.58693 8.31451 8.71788 6.57383 3.89563 0.756737 0.412514 1.03747 2.07927 1.62237 1.09985 0.558324 1.3469 2.01135 2.44168 3.03608 2.56488 2.49114 0.951735 1.32134 0.628461 0.787006 0.0663529 
0 0 0 0.00531082 0.0330905 0.156193 0.8818 2.85477 2.55137 3.56465 3.66004 5.45333 3.35011 1.20991 0.130183 0.47348 1.03044 0.936338 0.498536 0.291687 0.597195 0.93273 1.00027 0.978893 1.58153 3.59604 6.58351 8.23463 7.59127 6.38585 3.71989 1.68816 1.3085 1.6087 0.904678 1.29727 1.37611 1.03704 1.13475 1.35889 1.02655 1.30326 0.917138 1.29012 1.37673 1.27895 0.397222 0.690951 0.780963 1.64132 0.299653 
0 0 0 0 0.0131479 0.00834387 0.166793 0.683439 0.622587 1.49482 2.80539 4.78019 3.15575 1.90257 2.45925 3.54665 2.6225 1.40995 0.618795 0.271724 0.517741 0.892457 1.0445 0.887906 0.484534 0.478887 0.706953 1.16696 1.03565 0.873493 1.51327 5.05832 10.6094 13.4393 5.65613 4.04416 0.847535 1.39503 0.986094 1.24855 1.21475 1.43574 1.19975 0.978845 1.22621 1.27071 0.570839 0.569743 0.401686 2.38972 0.2933 
0.144915 0.328983 0.309661 0.521186 0.564915 0.187119 0.604068 1.56458 0.355424 0.855254 2.23 2.17475 1.4 0.753559 1.57881 1.86017 1.47712 1.19712 0.370339 0.335932 0.535763 0.948305 1.10831 3.24831 6.97746 6.91983 5.90593 2.76034 0.858644 0.332881 0.589492 1.09424 1.14441 0.717458 0.415085 0.734915 1.17186 1.17458 0.602373 0.423729 0.841186 1.77 2.19932 2.2922 3.47729 1.79186 2.69339 3.48644 5.52186 7.33305 3.11559 
0.508745 0.851031 0.732355 1.06819 1.06111 0.399126 1.12013 2.25838 0.506246 0.836873 2.3121 1.533 1.14075 0.305538 0.680824 0.688216 0.571205 0.47793 0.347179 0.628461 0.884031 0.664481 1.26005 5.50219 10.2713 9.16469 6.16198 2.20883 0.591089 0.587654 0.744118 1.01947 0.880595 0.6193 0.579742 1.05028 1.05736 0.724027 0.457839 0.670831 0.947325 1.43265 3.61816 2.65751 2.84062 2.1928 1.39402 3.94129 2.61222 5.193 1.0432 
0 0 0 0.0374705 0.178427 0.3113 1.8001 3.74242 2.48981 3.25109 4.49528 3.98569 2.61258 0.742422 0.0657629 0.512967 1.70504 1.09431 0.244443 0.226339 0.888515 1.34877 0.494695 0.213961 0.361738 1.0453 1.02021 0.576457 0.387167 0.539491 0.851465 1.38144 2.27829 4.52484 7.04774 8.31475 7.57915 3.63077 1.21607 0.790418 1.32309 1.34624 0.941226 2.76339 3.51128 2.36561 2.09254 1.30136 1.06105 1.93819 0.369316 
0 0 0 0 0 0 0 0 0 0.00128711 0.0092672 0.187232 0.541874 0.615239 2.237 4.44337 4.70336 2.68354 2.21521 2.82109 3.40321 2.49434 1.26806 0.960443 0.685859 0.455037 0.403381 0.919255 1.56607 1.20062 0.739403 0.323065 0.414193 0.591642 0.572507 0.7763 0.833019 0.656341 0.427493 0.47237 0.553715 0.840227 0.639695 1.01956 8.0949 9.81217 4.974 6.91042 5.82075 8.61541 4.09808 
0 0 0 0 0 0 0 0.00872732 0.0133315 0.422416 1.86119 1.84222 1.64218 1.8427 2.91032 3.94997 3.80339 1.61236 0.484126 0.109882 0.31329 1.04748 0.810954 0.220794 0.196537 0.363043 0.970863 0.788483 0.563153 0.281542 0.491616 1.3148 3.06968 5.95561 6.77405 7.1707 6.84909 3.9721 1.61229 0.739967 0.984538 1.65015 1.73145 2.82284 3.28257 1.96468 2.08239 1.74725 2.46495 5.09016 3.17015 
0 0 0 0 0 0 0.0117227 0.418312 0.697703 2.34023 5.58519 6.8022 3.16129 0.725056 0.37607 0.431382 1.21923 1.15347 3.04527 7.17335 8.36475 7.65586 3.37486 1.24699 0.480967 0.662871 1.07498 1.0384 1.15522 0.723506 0.674459 0.885333 0.937681 1.1658 1.22987 1.36105 1.4877 0.88311 0.462373 0.741023 1.53837 2.49707 2.37465 2.33841 1.93229 2.01334 1.3062 2.2354 3.14047 2.32271 0.553796 
0 0 0 0.000221619 0.0321347 0.214915 1.36999 2.64474 2.47105 3.54718 4.07773 4.49975 2.79644 1.35586 0.219292 0.856169 1.36229 0.926145 0.370159 0.354313 0.808964 1.1574 0.791678 0.631392 0.395368 0.766912 1.08178 0.913956 0.460967 0.674553 0.70846 0.749903 0.575544 0.708737 0.565849 1.00238 1.27985 2.99075 5.60818 13.1093 7.64524 7.70469 2.19912 0.946811 1.97485 2.94997 1.43687 0.969472 0.555654 2.09463 0.442407 
0.0272919 0.0889871 0.175604 0.202447 0.498494 0.279454 1.44936 2.11686 2.28541 2.90768 2.71408 4.18585 3.36421 1.61753 0.679352 0.790057 1.09264 0.68941 0.527068 0.557563 0.70722 0.902364 0.926389 0.888654 0.553847 0.565763 1.06567 1.09366 0.85156 0.914152 0.570504 0.815683 0.58761 1.0722 0.476264 0.623486 0.363316 0.664617 0.348773 0.79704 0.652636 0.912615 1.34102 11.3394 12.7509 12.1301 2.33365 3.10628 0.990646 3.33276 1.07188 
0.457649 0.762311 0.782666 1.24655 1.07124 0.524951 1.2564 2.49004 0.519589 0.971657 1.48884 1.23638 0.72981 0.266579 0.700263 0.657255 0.666995 0.384548 0.430291 0.655942 0.792843 0.691946 0.377435 0.49617 0.614686 0.780477 0.792734 0.728387 0.643905 0.479864 0.851171 1.76144 3.49705 6.74765 8.5696 7.23867 4.49289 1.65813 0.786168 0.81845 0.951521 0.628365 1.61578 4.60155 2.558 2.62771 2.02714 4.91749 3.27446 6.41672 1.26165 
0 0 0 0 0 0 0 0.275071 2.73185 9.53448 10.8714 11.0287 6.85152 1.36636 0.502466 1.28468 2.23821 1.76274 0.542269 0.309509 1.35251 2.35139 1.24046 0.675089 0.612789 1.508 1.52548 1.13022 1.22315 1.15584 1.37752 1.31461 1.27161 1.45903 1.48507 1.59548 1.60396 0.952064 0.578351 1.29021 2.91373 1.78697 0.509388 0.716708 1.00121 0.680194 0.318854 2.2396 1.44328 3.19823 1.18967 
0 0 0 0.132972 0.227373 1.88378 8.85265 10.6918 8.92269 11.7676 1.61056 0.487735 1.73558 2.03891 0.351379 1.0159 2.29234 1.73304 0.748604 1.02944 1.70242 1.88445 2.27237 1.87988 0.8337 0.88919 2.30807 2.01556 1.30029 0.971409 0.648621 0.44967 1.08357 1.74015 1.05617 1.18034 0.886144 1.32059 0.806293 1.17357 0.539333 0.906276 0.518863 1.29623 1.70902 1.16055 0.524108 0.734394 0.911013 0.35324 0.422264 
1.06519 1.62271 1.00062 1.32072 1.83227 0.240415 1.4541 1.97939 0.168103 0.558511 1.51605 1.40077 0.243287 0.1716 1.21656 0.973898 0.351942 0.173348 0.21706 0.944299 0.929062 0.560759 0.306857 0.267266 0.438741 0.694143 1.00437 0.740602 0.478831 1.61908 5.39066 11.2257 12.2251 7.12651 2.84276 0.83989 0.614088 1.87299 1.67266 0.910953 0.94305 0.584364 0.346322 0.842638 1.28862 1.65405 2.00425 6.1771 2.51917 3.97515 0.453478 
0 0 0.0573328 0.833126 1.77538 2.40451 6.5153 6.78202 5.14305 5.17629 7.46753 6.53386 3.82108 0.66362 0.0227115 2.12339 3.81623 1.88672 0.0703504 0.648248 2.24595 2.92702 0.446753 0.104695 1.14846 2.30287 1.95444 0.626645 0.471126 1.43318 1.74685 2.15219 1.58579 1.11757 1.2911 2 2.31588 1.15967 0.456723 1.65725 2.37114 2.38984 0.341781 0.424872 0.403822 0.150395 0.0149564 0.0171721 0.00110788 0 0 
0 0 0 0 0 0.0725142 1.28131 2.62214 2.26705 3.511 4.8672 5.06513 2.87994 1.03014 0.0502675 0.596671 1.58877 1.37166 3.16082 7.31018 11.0079 8.02259 3.35179 0.879171 0.489598 0.952025 1.32207 1.14197 0.719283 0.778297 0.825338 0.794005 1.15632 0.914749 1.15055 1.19232 1.45147 0.9381 0.605757 0.835697 1.4063 2.08415 2.08899 2.28199 2.52356 1.65195 1.26187 0.49308 0.435 0.541819 0.0275113 
2.02683 2.16513 2.18323 1.81228 2.41373 1.54513 2.36717 1.65215 1.78314 1.3295 0.746652 1.2234 1.09859 0.648267 0.696003 1.14147 1.15179 0.739497 0.729377 0.821987 0.892671 1.08683 0.93688 0.55852 0.673004 0.766023 0.888378 0.382654 0.303588 0.725289 0.372943 1.0184 0.316161 0.862925 0.33318 0.796484 0.201472 0.786569 0.131248 0.875192 0.292344 0.750997 0.149596 0.672698 0.902382 10.0475 5.95763 22.1617 4.64617 3.288 0.947255 
0 0 0 0 0 0 0 0.224627 0.0260643 1.00656 2.55446 4.92354 1.96462 0.93942 1.63052 2.5047 3.07243 1.39689 0.756812 0.0499171 0.179212 0.724271 0.981281 0.905221 1.55549 4.59277 10.1219 10.8742 6.78627 2.13427 0.980096 1.14233 1.21025 1.5821 1.32691 1.07859 1.60619 0.806729 0.999526 0.971408 1.30938 1.34089 1.18995 0.663929 1.07796 0.873549 1.07306 3.15504 5.28205 2.96643 0.458179 
0.000566532 0 0.00679839 0.0906451 0.413427 0.613979 3.51236 9.3669 3.40047 2.53509 5.81354 7.29793 5.83776 1.69839 0.0183415 0.519227 2.2281 2.61568 0.871822 0.299129 1.14829 2.53998 1.68338 0.539622 0.571135 1.22336 1.90277 1.74513 1.331 0.87515 1.07684 1.661 2.0398 2.02599 1.03668 1.10127 2.01154 1.46165 0.527087 0.732172 1.40089 2.09263 1.10693 0.521776 1.09596 0.67913 0.709511 2.80738 1.30345 4.01395 0.894413 
0.647199 1.24815 1.07758 1.2286 2.23499 0.69332 1.43025 3.525 0.718386 0.488532 0.637173 0.781176 0.937837 0.290763 0.695827 0.879684 0.886953 0.629026 3.57163 8.12144 9.08836 7.07181 3.07369 0.816268 0.669006 0.724151 1.03045 1.51548 1.34766 1.05991 0.710239 0.835318 1.40431 1.62627 1.83507 1.66036 1.6299 1.46497 1.48339 1.18098 1.21682 1.30731 0.827923 1.08385 2.66149 2.24201 1.3523 4.20353 2.31082 2.31545 0.527384 
1.49481 2.17169 1.80949 1.41228 1.96658 1.44138 1.1195 2.52494 0.569107 0.449044 0.857415 1.11014 0.79674 0.27283 0.578363 1.10243 1.05291 0.206962 0.278846 0.657291 1.07096 0.958093 0.553682 0.605409 2.40729 7.86852 12.6623 9.17781 3.54473 1.36508 1.50998 1.91259 1.569 1.30373 0.827849 0.58803 1.4277 0.980409 1.15307 1.13631 0.827283 0.307487 0.454134 0.489048 1.30862 1.22121 0.29602 5.3061 3.28075 2.83155 0.182487 
1.36575 1.98572 1.60807 1.47735 2.0428 1.38209 1.26644 2.33723 0.673799 0.594095 0.924206 1.13335 0.960323 0.322773 0.466233 0.992003 1.12826 0.317149 0.256646 0.60609 1.00712 0.97122 0.47568 0.543038 0.469001 0.585483 0.900611 0.908432 0.606837 0.971704 3.29035 8.01437 10.6096 10.2951 4.89362 1.62569 0.601037 2.00593 2.0308 1.21987 0.995914 0.531965 0.64212 0.862955 1.29742 1.16894 0.340569 4.85478 2.31148 4.00523 0.122765 
0 0 0 0 0 0 0 0.00994093 1.65797 6.23109 10.4581 11.4782 8.82625 4.1056 3.1069 4.22691 3.67425 1.37992 0.694424 0.284973 1.43466 2.67108 1.2079 0.530903 0.570955 1.68261 2.07535 1.15344 0.753926 1.05648 1.88229 1.50194 1.18556 1.05893 1.3537 1.93891 1.85924 0.833886 0.666907 1.30572 2.82567 1.76228 0.54848 0.46852 1.0948 0.425443 0.338712 0.115833 0.477165 0.0538827 0.030255 
0 0.000385159 0 0.0234947 0.268584 0.637566 3.13968 8.99705 1.53011 0.548466 0 0.520478 1.14777 2.31853 5.49185 6.35999 5.9914 3.02247 0.600719 0.604185 1.23045 1.82617 1.43497 0.399281 0.553344 1.16716 1.73655 1.81333 0.781487 0.637181 1.01759 1.78328 1.86519 1.21415 0.786237 1.64809 2.3989 1.54962 0.8218 0.623315 1.93183 2.43202 1.04147 0.59109 0.590576 0.805495 1.19874 3.28412 2.64604 5.92939 4.05842 
0 0 0 0.0366797 0.165918 0.537587 1.97536 3.52058 1.45802 1.95081 3.60569 2.9169 2.47397 0.501194 0.0708759 0.446365 1.38151 1.11835 0.160569 0.249021 0.929411 1.43318 1.62652 5.71382 9.56452 8.21234 4.93849 1.36049 0.487057 0.641131 0.971726 1.05368 0.860827 0.656987 0.557169 1.56089 2.01863 1.09905 0.649155 0.554781 1.1065 1.71315 2.59146 2.71277 3.48133 1.7314 1.51495 1.12704 1.34999 5.21865 0.993505 
0.634841 1.21474 1.47513 1.32358 2.11561 1.25397 2.07413 4.7166 1.93551 2.45378 5.7199 3.79802 2.35145 0.260568 0.903828 1.35605 2.28956 0.601423 0.454388 1.18158 1.88083 1.65489 0.571999 0.555855 1.24824 1.9369 1.71686 1.06588 0.639094 1.03654 1.87926 1.83317 1.22628 0.807395 1.29511 2.08871 1.99757 0.593612 0.526256 1.5786 2.47296 1.72476 0.0895756 0.0499957 0 0 1.55638 5.31542 3.58311 10.1076 1.85244 
2.01894 2.06231 2.12329 1.89097 3.13292 1.23866 2.31485 2.6819 1.34489 0.900855 0.826647 1.57673 0.847184 0.489253 0.72562 1.32314 1.21554 0.457459 0.49005 0.838096 1.18059 1.07351 0.682186 0.550418 0.638848 0.694974 0.96709 0.673002 0.480611 0.695644 0.971586 3.9537 9.20122 18.1387 5.76985 1.82544 0.616749 1.7643 1.38172 1.48811 0.580681 1.00281 0.704158 0.995025 1.35158 1.22007 0.36584 0.636839 0.271637 2.26826 0.355571 
0 0 0.00613273 0.287143 1.00423 0.867562 2.14974 7.08819 1.80813 3.35022 6.80806 6.77776 4.6289 0.785793 0.0596481 0.664525 2.1109 2.16215 0.379134 0.383296 1.26203 2.54187 1.24392 0.233555 0.51566 1.48697 2.12769 1.43236 0.861941 0.640286 1.21888 2.01329 2.08418 1.53632 0.826312 1.36738 2.51588 1.36891 0.378185 0.606045 1.79426 2.33161 0.7782 0.372052 0.521355 0.682558 0.965759 4.55209 1.73315 8.21063 1.47514 
0 0 0 0.364102 3.3901 2.46035 2.86292 6.11082 3.57103 2.01641 4.88288 9.05186 7.90034 3.0843 0.331801 0.636817 2.11935 2.41531 1.49252 0.502495 1.41899 1.96113 2.00565 1.0197 0.696166 1.10163 1.95076 1.98582 1.4593 1.07629 1.10596 1.20943 1.98188 1.81394 1.21494 1.16899 1.69446 1.65297 0.735294 0.992122 1.25407 1.72794 1.43579 0.535189 1.31749 0.824449 0.645877 1.29596 0.368172 0.0987395 0.0575105 
0.192388 0.472327 0.507598 0.778196 1.22125 0.980482 3.08839 1.75143 4.26126 4.82197 3.50049 10.1659 8.023 3.77373 0.543148 0.972675 1.29792 0.650216 0.537711 1.10038 1.08518 0.784609 1.44096 1.89725 0.831033 0.975603 2.04726 4.17636 3.60714 3.13216 1.67001 2.43469 0.305312 1.88025 0.196989 1.76635 0.321762 1.85445 0.262373 1.77081 0.114596 1.75059 0.0808588 1.81277 0.44068 1.8854 0.10428 1.79269 0.0867141 0.92416 0.926251 
0 0.000879024 0.000879024 0.040545 0.376442 1.68333 4.11669 5.45435 4.35062 3.43984 0.909131 0.502252 1.21855 1.06362 0.1535 0.595759 1.33524 1.05098 0.756181 0.903088 3.02758 6.56873 7.98703 6.97143 4.16822 2.73135 2.00604 1.07746 2.44951 2.69718 1.58708 1.14086 0.808263 1.45962 0.673113 1.7408 1.10329 1.5261 0.878255 1.25657 0.699923 1.21173 1.03307 1.60807 1.55104 1.36974 0.484452 1.15943 0.696517 0.893858 0.481815 
0.82148 1.20323 0.872228 1.29906 1.50518 0.478423 1.50554 2.66454 0.649831 0.753255 1.4777 0.570034 0.498312 0.175024 0.973843 0.776037 0.562922 0.466249 0.324976 0.769527 0.917912 0.590164 0.375241 0.489634 0.853664 0.792671 1.01 3.18346 6.36608 9.41454 8.10439 5.40429 1.88247 0.615236 0.743852 1.01446 1.08378 0.28122 0.595347 0.981798 1.00784 1.36307 3.04291 3.54954 1.90116 3.00832 1.26808 3.68117 3.32003 4.78182 1.02845 
0 0 0 0 0 0 0 0 0.694596 2.41411 5.56669 6.44145 3.56236 2.68226 4.64615 5.7452 6.54418 2.72664 0.593007 0.0422123 0.710617 2.23471 1.95385 0.46281 0.147489 0.79021 2.06866 1.73401 0.85035 0.259758 0.757406 1.53198 2.08608 1.54266 0.696122 1.13401 2.08226 2.2862 0.822505 0.454164 1.83865 2.79619 2.02492 0.405213 0.192626 0.71138 0.499936 3.11036 2.41449 6.70375 4.03776 
0 0 0 0 0 0 0 0 0.0759344 2.16307 6.15399 7.69296 7.2041 2.74354 5.13406 7.67468 8.03856 4.80533 1.50336 0.568683 0.746256 1.93987 1.8387 0.937861 0.823724 0.866997 1.62092 1.67374 1.23393 1.05011 0.870416 1.13996 1.68164 1.28063 1.30468 1.47766 2.13854 1.94458 0.918995 0.729277 1.52824 2.32025 1.81712 0.767834 1.36033 0.642377 0.793303 0.768424 0.606061 0.351256 0.0680344 
1.71125 2.51125 1.87208 2.39125 3.5875 1.18792 2.98792 3.70708 0.580833 2.04 2.37792 2.87208 1.495 0.69375 2.15042 2.95208 3.66167 0.951667 0.520833 1.01833 1.4 1.76625 1.24125 0.367083 0.484167 1.0625 1.44708 1.54417 1.33292 1.87167 1.75792 8.17333 7.46417 0.92625 0.327917 0.30125 3.28125 2.1025 0.56125 0.505417 0.32 0 0.9775 2.84417 1.78042 1.25167 1.695 0.306667 0.00333333 1.23417 1.39792 
0.0715283 0.106246 0.158409 0.32746 0.977844 0.933182 3.32519 4.71441 2.55286 2.48133 2.735 2.56699 1.89532 0.828332 0.131368 0.855548 1.5806 1.04135 0.211619 0.408758 0.98395 1.3292 0.555827 0.23709 0.600837 1.31978 2.06019 3.07711 4.53629 5.91452 5.12491 4.29396 3.04728 1.57397 0.963538 0.94679 1.87177 1.07275 0.868109 1.30042 1.16155 0.884682 1.02198 2.15056 2.68667 1.42777 1.25436 1.78978 3.55059 4.70482 0.78559 
0 0.273387 1.47794 5.46921 11.5899 5.45872 6.93489 5.28162 2.98774 0.363797 0.521671 4.08551 2.62924 0.294666 0.422926 2.49823 4.21592 0.72073 0.232693 1.33006 2.37056 2.43803 0.849971 0.751422 1.49196 1.67013 1.5554 1.32104 1.29574 1.2021 1.32124 1.52981 1.62159 1.41312 1.28329 1.64905 1.28682 0.698666 0.868111 1.54913 1.74838 0.90204 0.474015 0.50049 1.38282 0.526084 0.195529 0.103157 0.174152 0.0162777 0.0209845 
0.18625 0.350625 0.35125 0.66875 0.685 0.259375 0.8 2.24 0.325625 0.69375 1.5975 1.61125 0.735625 0.33375 1.45188 1.75937 1.93458 0.962292 3.95875 7.91854 6.90875 5.37542 1.63354 0.297708 0.363125 0.722292 0.90375 1.02854 0.739375 0.409583 0.573958 0.842708 1.06563 0.853542 0.579583 0.861667 1.06896 0.733333 0.520417 0.600833 1.10396 2.275 2.35083 3.55375 1.74937 2.90729 2.16208 3.94625 6.80333 6.70771 2.53354 
0.0352622 0.0522152 0.0847649 0.120705 1.79769 0.154611 0.974458 6.4505 0.65642 1.43626 4.93038 4.3524 1.43083 0.415687 3.44078 3.18309 2.43807 1.00068 0.157098 0.752034 1.47762 2.04747 0.890823 0.266049 0.575497 1.27893 2.03255 1.82776 0.720163 0.400769 1.13788 1.93739 1.8854 1.00859 0.596519 1.68174 2.33341 1.10059 0.376808 1.0104 2.67292 2.6198 0.199593 0.115054 0.629295 1.2995 1.87568 8.47423 2.91275 8.50791 3.24299 
0 0 0 0 0 0 0 0 0.0146185 0.172682 1.42729 6.61489 5.52779 3.45439 3.76534 5.53845 3.40262 2.14893 3.24258 2.74037 2.03426 2.92554 2.71692 2.08802 1.21882 1.49931 0.811177 3.81757 7.27593 5.39592 3.88473 1.26542 0.286737 1.71996 0.0196437 1.71463 0.947921 1.71509 0.138876 1.7125 0.117253 1.67565 0.00639561 1.68844 0.977768 1.72819 0.0379169 1.67915 0.0770519 0.908939 0.864322 
0 0 0 0.00129321 0.114665 0.0956979 3.06811 9.60686 2.60031 0.696439 0.00206914 0.346064 1.41107 1.99336 4.73679 7.72868 7.83774 4.72403 1.06087 0.409604 0.88249 1.7536 1.85249 0.67911 0.596948 0.725063 1.63299 1.81119 1.4121 0.837314 0.734805 1.41357 1.90853 1.58557 1.03268 1.46288 2.46521 1.82317 0.883007 0.542547 1.44168 2.26563 1.75869 0.541081 1.12691 0.697129 1.00793 2.52944 1.69782 3.8468 1.61798 
2.34165 2.29019 2.4713 1.92909 3.67401 1.5208 1.94017 2.65844 0.984867 0.57065 0.744178 1.9058 0.813825 0.336546 0.641256 1.38696 1.38404 0.310379 0.53611 0.698866 1.13031 1.2877 0.83044 0.532359 1.88901 6.23838 10.7261 9.14313 5.37235 2.73685 2.49943 1.32024 1.17501 1.58796 0.744614 1.01112 1.11417 1.15652 1.10654 1.43912 0.643437 0.829089 0.514392 0.847885 1.08971 0.981989 0.130615 0.590406 0.942172 1.96921 0.280593 
0.817617 1.05068 1.16361 1.52357 2.00113 1.69382 3.3419 1.96217 2.62182 2.09613 0.802936 0.759881 1.1382 0.918267 0.463156 1.17801 1.91036 4.42702 9.51835 7.6845 3.78896 1.3203 1.26948 1.23927 1.20652 0.955675 1.81324 2.5871 3.77357 2.64822 2.5312 2.6046 0.144128 1.87691 0.0739695 1.82383 0.644833 1.88015 0.129164 1.7812 0.0245624 1.76468 0.00790514 1.90387 0.63467 1.82778 0.0239977 1.84049 0.00903444 0.946923 0.850649 
1.40274 2.14624 2.35054 2.86955 3.57155 2.46304 4.87752 7.01279 1.62339 0.995179 1.79115 2.17035 1.04709 0.801565 1.21059 2.91434 1.74804 0.487283 0.855296 1.90616 2.28291 0.822527 0.484838 1.0364 2.08944 2.01328 1.01859 1.08301 1.02753 1.82595 2.09579 1.44934 0.892747 1.06358 1.89352 2.40763 1.08643 0.288429 1.10516 2.1417 2.13835 0.412451 0.0217999 0.068474 0.00859419 0.00384293 2.88373 4.35013 3.03773 4.82253 0.899176 
1.6485 1.76567 1.69426 1.46612 1.85281 1.20548 2.25408 1.39609 1.90491 2.10893 1.15294 1.66395 1.88429 0.940906 0.701763 1.02856 0.917662 0.710944 0.847712 0.769455 0.771641 0.957957 0.961527 0.664602 0.657461 0.779292 0.854197 0.443675 0.340717 0.822719 0.374526 1.09123 0.289347 0.862066 0.158992 0.839187 0.258671 0.979889 0.145584 0.829059 0.1007 0.774483 0.110026 0.913655 0.278927 0.838895 0.136986 0.810624 5.33584 22.5035 18.199 
0.517853 0.699165 0.494204 1.155 2.76119 1.4221 4.12949 5.83283 1.85636 0.580454 0.752724 1.14735 1.04985 0.468004 0.519476 1.115 1.65094 0.585439 1.18653 4.35022 6.73638 7.2205 3.52504 1.99861 1.55275 0.968467 1.09877 1.25643 1.17505 1.23986 0.801067 0.814862 1.0975 1.38975 1.14839 1.39265 1.5371 0.750985 0.974612 1.03408 1.21528 1.47681 1.56967 1.62659 2.14711 2.25006 1.46151 0.471482 6.80396 1.52342 0.467076 
0.758634 1.40385 1.47043 1.44192 2.60256 0.762166 1.64037 4.69061 0.952643 2.86107 5.79631 5.78768 1.96677 0.348901 1.0573 1.43838 1.73195 1.10165 0.263736 0.922684 1.50092 1.86368 1.56502 0.397043 0.366954 0.879906 1.9983 1.80743 0.937075 0.670591 0.665358 1.0488 1.89037 1.84929 1.01465 1.01269 0.54147 0.785714 1.44623 1.60165 1.75065 1.47397 0.432234 0.368786 1.72357 3.49058 2.83687 11.0069 4.6112 0.059393 0.403061 
0.729293 1.21434 1.07631 1.10442 2.49761 0.767057 1.46432 3.71909 0.797205 0.568344 0.586245 0.71359 1.09516 0.406846 0.523357 0.765486 0.936563 0.704012 0.192667 0.505535 0.721913 0.789825 0.850357 0.40245 0.904844 3.0347 8.56316 12.3506 8.62322 2.83395 1.00298 0.91615 1.4399 1.41964 1.0442 0.876973 2.49289 0.964591 1.90178 1.13865 1.14148 0.697181 0.555468 0.953521 1.51213 0.776635 1.22658 4.74594 3.05535 3.37701 0.318442 
0.869 1.04335 0.963763 1.54451 2.14016 1.75646 2.98865 1.64406 2.71503 2.43553 0.956926 0.732805 1.21346 2.14809 6.88746 10.6259 5.98619 1.19212 0.830576 1.1589 0.957063 0.754683 1.29236 1.7726 0.907288 1.18365 1.71284 2.68399 4.05716 3.04034 2.37796 2.35977 0.159305 1.86011 0.0135375 1.82292 0.527417 1.90373 0.0661835 1.82046 0.0214686 1.81717 0.0131273 1.85779 0.504854 1.87556 0.0410228 1.89211 0 0.95296 0.917681 
0 0 0 0.00187411 0.0593899 0.136099 0.812718 2.33456 0.942549 1.65697 3.71636 4.14922 2.6425 1.04214 0.220176 0.415923 1.07057 1.20169 0.313558 0.0756107 0.485589 1.11451 0.868101 0.277692 0.122787 0.54136 0.996898 0.738465 0.583624 0.231097 0.493538 0.962001 0.942355 0.654065 0.575998 0.968269 1.58446 2.42988 4.73168 7.9041 8.24137 6.24124 3.87327 2.18308 2.38839 4.22961 2.74389 3.13313 1.95554 6.56618 1.44591 
1.44563 2.23187 1.95618 1.49579 3.31842 2.01168 0.275238 1.68429 0.84201 0.743957 5.11915 11.0442 6.74631 2.16034 0.314531 1.24056 2.27144 1.06682 1.5971 0.645903 1.36994 2.16369 1.2967 0.978361 1.0727 1.42707 1.38678 1.44672 2.38705 1.89063 1.61168 1.18017 1.33671 2.35419 1.36487 0.631236 1.52621 0.738524 0.232503 0.591399 0.658579 0.425985 0.931915 0.772567 2.94115 0.564147 0.26555 1.81766 3.17818 3.28665 0.959077 
0 0 0 0.00358337 0.662207 2.79049 6.25717 7.04718 1.41495 0.0561395 0.2801 1.63688 1.69673 3.81271 5.82274 8.27437 6.54766 1.40397 0.196488 0.502269 1.70939 2.30112 1.13318 0.382704 0.674749 1.8102 1.80614 1.11216 0.533445 0.929646 1.74128 1.68132 1.5338 0.73913 1.21823 2.1376 2.0258 1.03667 0.71775 1.21548 3.2205 2.04408 0.748806 0.360965 0.626135 0.64011 0.682274 1.41961 1.66531 2.51003 2.23674 
1.60212 2.06136 1.62914 1.36228 1.67004 1.39045 1.31452 2.17607 0.78437 0.561698 1.10391 1.00974 0.653449 0.471008 0.757646 0.971539 0.820936 0.559865 0.43782 0.974144 1.02422 0.595176 1.24708 4.56208 8.02209 6.63116 4.47931 1.75929 0.831741 0.964785 0.822769 0.600289 0.507284 0.656343 0.767873 1.3563 1.0685 0.386879 1.06802 0.944428 0.783888 0.979547 1.42557 2.39633 3.67998 1.52687 2.58852 1.06753 7.14481 7.04168 1.75755 
0 0 0 0 0 0 0 0 0.069029 1.36367 5.68684 9.27646 4.64347 2.67545 4.53175 6.91245 6.35941 2.40428 0.935573 0.221468 1.15244 1.98873 0.9159 0.684422 0.566383 1.07961 1.56615 1.03049 1.66521 1.11781 1.10239 1.21848 1.5795 1.42637 1.33905 1.8509 2.52554 1.71157 0.754372 0.593764 2.04844 2.43511 1.28566 0.630005 1.38449 0.80879 1.17464 3.22676 1.75368 3.14588 2.15762 
0.829875 1.03456 1.00152 1.09565 1.4247 1.44357 2.85518 1.6698 2.98337 2.38956 1.19731 1.30475 1.25718 0.881787 0.501844 0.935435 0.999205 0.670017 0.728508 0.997976 0.92083 0.783024 1.03348 0.943966 0.616586 0.779336 1.16658 0.505893 0.377268 0.841082 0.612248 1.73653 0.395488 0.76972 1.07454 14.0134 6.8204 17.7077 1.55433 1.83812 0.42759 1.39816 0.411612 1.57321 0.792423 1.47683 0.374883 1.36201 0.398453 1.18798 0.904562 
2.02174 2.67509 2.08975 1.59049 1.96395 1.4388 0.524144 1.83407 0.529361 0.335607 1.03458 1.17971 0.713216 1.83474 7.12219 9.42717 7.36269 3.53418 1.06909 0.700441 1.46449 1.50762 1.85427 1.00441 0.799759 1.13771 1.63229 1.66446 1.18713 0.693352 1.10059 1.4487 1.65831 1.02361 1.10393 1.42804 1.57912 1.4794 0.938068 0.874197 1.61524 1.93633 1.48201 0.6355 0.778759 0.716627 0.525749 2.70058 3.51391 2.02722 0.507624 
0.59303 0.917237 0.65837 1.33727 1.40448 2.05414 1.00249 3.79154 1.14872 1.53018 1.2066 1.4972 1.42004 0.227131 0.45364 2.17175 3.57374 3.19042 0.450529 0.634723 3.41381 6.47044 6.62352 1.70255 0.0933416 0.170504 0.904792 1.80647 2.70442 0.466086 0.164281 0.486621 0.712508 1.0336 1.40759 1.49222 1.68637 2.12881 3.66148 1.9496 12.2757 1.86372 0 1.05787 2.93964 0.00746733 0 0.00373367 3.99004 0.051649 0.467953 
1.78944 2.02211 2.03023 1.82147 2.42361 1.96063 2.59226 1.65097 1.85932 1.19321 0.607773 0.973691 1.37432 0.691683 0.705114 0.982692 1.21005 0.862734 0.840949 0.764147 0.762531 1.04371 1.03314 0.5132 0.637635 0.834856 0.824656 0.298209 0.326133 0.690529 0.417659 1.14073 0.352995 0.808317 0.278685 0.853642 0.373488 0.918444 0.116404 1.32184 2.40044 20.2645 6.71905 11.2013 0.658313 1.76973 1.1759 2.03328 0.46483 1.368 1.04149 
1.64272 2.04054 2.52055 1.97894 3.06174 1.8663 2.99595 14.7272 2.38005 0.709954 0.625163 2.61672 1.89881 1.31563 0.358853 2.05632 2.84441 1.68821 0.150511 0.538177 1.69472 2.7601 1.96515 0.420525 0.543253 0.854428 1.75118 2.36585 1.0887 0.915277 0.976058 0.82884 1.52645 2.27262 1.41819 0.9539 0.815874 0.522467 1.11751 1.76477 1.80805 0.970707 0.531248 0.367222 0.965356 1.9576 1.20436 6.0474 2.25135 0.249365 0.0746381 
0.185683 0.34994 0.320864 0.456555 0.538684 0.196395 0.635946 1.57473 0.469648 0.886414 2.35759 2.08502 1.50808 0.818738 1.58187 1.77062 1.42952 1.13858 0.287366 0.308281 0.637817 0.985377 0.69359 0.2605 0.310831 0.640707 1.03809 1.48274 3.62557 6.54515 6.9495 5.65652 3.55144 0.82758 0.350621 0.687128 1.20286 1.02091 0.341609 0.402313 0.903248 1.39823 2.13518 3.59225 2.76756 2.59582 1.85853 3.38582 4.09182 8.83268 3.3275 
2.4787 2.79804 1.81439 2.70666 2.18053 0.936478 1.5286 1.33593 0.654284 0.765849 2.00817 0.66679 1.02774 3.61157 9.51028 9.0977 5.59733 2.09955 0.574542 1.69998 1.44638 1.50211 1.55783 0.986503 1.28244 1.40379 1.85488 1.45691 0.935983 1.28108 1.43153 1.69601 1.26634 1.05077 1.35463 1.54792 1.51053 1.26288 0.956909 1.60934 1.87692 1.96892 0.780461 0.335191 1.03752 1.26634 1.08086 1.77179 0.207405 0.161218 0.0255077 
0.806944 1.16212 0.878202 1.65197 2.7872 0.268795 1.47907 1.34565 0.302394 0.634047 1.02184 0.761165 1.43133 5.06496 8.54459 8.87232 4.60773 0.827383 0.418452 1.06972 1.61571 1.72939 1.08316 0.677586 0.934621 1.56167 1.76466 1.14714 0.834103 0.910822 1.65967 1.49993 1.36847 1.0084 1.49825 2.04648 1.49027 0.885622 0.960661 1.67353 2.79154 1.47095 0.174997 0.551029 0.896682 0.97522 1.59261 5.07938 3.30393 2.90844 0.969201 
1.00768 1.53878 1.40342 1.26542 2.21594 1.27436 1.05792 2.68497 0.674641 0.898514 0.992697 1.27109 1.12402 0.337446 0.499874 0.873206 1.00755 0.581214 0.263032 0.552254 0.90481 0.921934 0.818308 0.573785 1.7925 6.21128 9.61408 7.27663 3.2109 0.941954 1.04331 2.13762 1.50214 1.27562 0.726014 0.569504 1.86527 0.861874 1.04948 0.937295 0.899899 0.599093 0.367414 1.0068 1.76253 1.39851 0.909846 7.73533 5.58952 4.51624 0.456434 
1.81888 2.66005 1.48258 2.94976 3.156 2.48865 2.22731 5.04092 1.66288 1.80632 2.44327 3.85535 2.67099 0.328606 0.968395 2.50932 2.391 0.809157 0.0567261 0.264587 1.42909 1.99919 2.11507 0.470421 0.00486224 0.41329 1.31199 2.04295 2.08874 0.340762 0.319287 0.938412 1.54538 1.70543 1.34684 1.42018 1.80389 1.4534 3.80875 2.59319 9.91207 1.65721 0 1.07131 2.92869 0 0 0 4 0.0794165 0.6094 
1.45191 2.88209 2.3636 4.22296 2.52461 1.14302 3.1961 2.81064 0.48039 1.66775 2.75581 1.23195 0.339121 0.836373 2.27005 2.0973 0.614914 0.205846 0.91369 2.26555 1.7352 0.704721 0.484761 1.1389 1.48014 1.73807 1.4624 0.871596 1.04996 1.29853 1.65076 1.70572 1.10267 1.20647 1.72183 1.47602 0.748439 0.890082 1.5301 1.82288 1.34312 0.162128 0.0138646 0.437047 1.0286 1.95566 2.64414 9.22271 5.47664 5.13153 1.49163 
1.28461 1.94957 1.7306 1.22714 2.38611 1.48685 0.881645 2.95894 0.617563 0.439143 0.480264 1.13077 1.12666 0.294051 0.355129 0.986948 1.28518 0.518723 0.879934 3.22885 8.54875 10.1341 6.51055 3.38833 0.906165 0.579611 1.25236 1.54337 1.5748 1.72249 0.872838 1.11322 1.27004 1.2561 1.34252 1.23386 1.90857 0.662358 0.654248 0.879364 1.1698 1.29316 1.81911 0.845657 1.50447 1.72806 1.07255 5.06102 2.49059 1.18064 0.232655 
1.13923 1.92978 1.87115 2.08113 3.00474 3.09009 4.2452 7.81787 2.8692 1.33958 0.908256 1.83939 2.25055 0.938737 0.529916 1.56348 2.16693 1.906 0.316625 0.914428 2.16068 1.58418 0.619478 0.558967 1.31 1.8774 1.49612 1.01257 1.10476 1.19026 1.52773 1.84082 1.67502 1.32054 1.04177 1.81456 1.84428 1.01942 0.438022 0.9568 1.96809 1.62151 0.414541 0.214044 0.34545 0.0267178 0.647249 1.51592 3.7347 9.81456 1.58155 
1.46668 2.08004 2.53635 1.89833 3.08563 2.29247 4.70832 2.69571 7.58535 7.31929 2.03447 1.369 2.00239 1.77639 0.874072 1.87032 2.07813 1.23821 1.75748 2.06129 1.85484 1.5796 2.19472 2.61176 1.6551 1.72668 2.72724 0.645599 0.171495 1.6602 0.444498 2.90639 0.17325 1.84862 0.169101 1.85324 0.178996 1.96257 0.0679914 1.8637 0.109409 1.84862 0.151225 1.83417 0.186896 1.8704 0.144921 1.81941 0.180832 0.972309 0.856276 
3.22707 2.61469 3.15376 2.12773 3.92887 0.972478 0.315043 2.65537 0.724431 0.315445 1.07452 2.20863 0.507182 1.3066 5.48156 10.1184 9.03873 3.09532 1.39715 0.939267 1.47322 1.69633 1.31142 1.18461 1.02017 1.0982 1.47489 1.40301 1.52672 1.04867 1.07349 1.08349 1.47805 1.35676 1.22926 1.69949 2.04269 1.49448 1.25868 1.02557 1.22736 1.3752 1.24184 0.680763 1.57211 0.646461 0.650483 1.23431 0.105953 0.0618249 0.0222937 
0 0 0 0.099709 0.639251 1.0744 5.11274 9.196 3.2513 0.340377 0.0197393 0.909401 1.82159 2.1736 4.52018 8.38454 9.30672 5.0081 1.45616 0.48121 1.05871 2.34152 1.69809 0.864355 0.652917 0.962293 1.71188 1.60787 1.13628 0.866506 0.886119 1.34 1.81488 1.61698 1.1049 1.68911 2.14653 1.75908 1.09971 0.865874 1.49336 2.10047 1.65545 0.690118 1.34291 0.808427 0.510439 0.99051 0.242946 0.105783 0.0409971 
0.315099 0.360845 1.23848 2.24744 7.93746 2.53935 1.80454 2.07422 1.48672 0.24984 0.0588612 2.26472 1.34117 0.157869 1.55646 6.10541 11.2821 2.54383 0.972649 0.798784 1.04495 1.91539 1.15147 1.01392 0.923864 0.630198 1.44578 1.69402 1.7452 0.962572 0.803103 0.957134 1.34517 1.9936 1.1721 1.21289 1.72377 0.855566 1.31558 1.08557 1.38068 1.51999 1.30646 0.659309 1.37524 1.3255 1.77191 1.8826 4.52495 1.27639 1.64923 
4.89031 3.3731 3.32651 0.976807 2.94763 1.49519 4.7352 12.5002 4.05864 0.813484 1.67704 2.33487 1.74126 1.91287 1.0778 2.47019 2.41677 1.88578 0.679064 1.35395 2.45452 1.81759 1.07083 0.923945 1.41614 1.88842 1.5748 1.65789 1.06937 1.37261 1.40862 1.44832 1.49568 1.51177 1.19181 1.50787 1.41559 0.86363 0.830756 1.33981 1.48106 1.10921 0.446023 0.381599 1.23492 0.421438 0.667363 0.292868 0.033013 0.0058504 0 
1.84502 2.41786 1.75407 2.3951 2.96184 1.43617 4.95554 7.32943 1.35926 1.32749 3.86856 3.51647 1.58921 0.345021 1.51792 2.41515 1.66912 0.841244 0.326618 1.5741 2.17222 1.7654 1.42997 0.435393 0.484599 1.26395 2.32497 1.68239 0.603836 0.75804 0.816157 1.50833 2.16738 1.44217 0.900426 1.05085 0.488764 1.22191 1.69043 1.51957 1.52886 0.897908 0.327586 0.722976 1.94053 3.81422 1.70525 6.23925 2.34357 0.105676 0.202247 
0.487262 0.789359 0.60532 0.91658 1.28659 0.523105 1.4961 3.15398 0.788475 0.980471 1.80182 1.2595 1.00924 0.353211 0.63819 0.786788 0.59423 0.94728 4.66817 10.4198 9.63393 6.32709 1.78486 0.398939 0.698224 0.790565 0.830266 0.903962 0.509845 0.551796 0.701439 0.927992 0.787511 0.5657 0.628546 0.873182 0.860725 0.544563 0.298481 0.801977 1.00603 2.38206 2.88082 3.90686 2.62798 1.88017 1.53998 3.02057 2.82721 5.01487 0.988347 
1.31692 2.1832 1.99917 1.96514 3.61312 2.06476 3.40208 9.26505 1.46287 1.39919 1.60378 2.16602 1.82357 0.743785 0.705707 1.73173 2.2596 1.3085 0.254233 0.744115 1.68811 2.19419 1.57826 0.417775 0.547204 0.954407 1.91674 1.98571 0.918064 0.595771 0.86388 1.11423 1.81754 1.71322 1.34724 0.868506 0.772363 0.728091 1.41554 1.56752 1.68935 0.836541 0.405385 0.683737 1.1196 3.1158 1.3621 10.6917 3.90088 0.0716115 0.106302 
1.53604 1.99854 1.44442 1.35588 1.55267 1.21068 1.23776 1.87803 0.70498 0.876918 1.44219 1.20048 0.654581 0.367104 0.785206 0.928773 0.740807 0.628182 0.393932 0.933059 1.04723 0.569041 0.404903 0.498414 0.95363 0.90426 0.65381 0.598011 0.470472 0.806377 0.894489 0.825148 1.17262 3.55516 6.19354 7.0654 5.15342 3.04088 1.19208 0.894232 0.939487 0.508528 0.135596 2.98431 3.6131 3.52027 2.10748 1.94729 5.14528 9.05528 2.28002 
2.18007 3.79218 3.20367 4.05551 5.2535 2.44777 4.05135 2.25787 2.38024 1.62281 1.44449 2.76289 1.82496 0.923951 1.49738 2.5767 1.94799 0.816871 1.36866 2.10664 1.80463 1.66871 1.87959 0.843313 1.11976 2.03802 2.17198 0.707823 0.666958 1.29633 2.00306 5.90057 1.97334 1.55157 0.371503 1.31184 1.42373 1.92832 0.398601 1.32059 0.343094 1.07845 0.442745 2.05441 0.722028 1.35337 0.80507 1.29065 0.285402 0.95236 0.776661 
0.75901 0.971825 0.744422 1.25629 1.79519 0.345824 1.45366 3.11885 0.437643 0.830235 0.802775 0.447082 1.08381 4.05978 6.75758 5.7982 4.44165 1.38902 0.495423 0.87214 1.12929 1.89674 0.973541 0.748141 0.662757 1.28146 1.80363 1.40646 0.811499 0.623427 1.48084 1.57122 1.48341 1.00043 0.904605 1.70595 1.65661 1.18578 0.720109 1.13272 2.51659 2.26716 0.511442 0.265875 0.501716 0.863987 1.47039 5.24485 5.0153 4.91862 5.38501 
3.09028 4.27848 2.21996 4.03237 2.22848 1.56528 3.56447 2.07683 0.714151 2.07751 2.52473 0.886066 0.193405 1.54893 2.4827 1.48202 0.4975 0.49304 1.6582 2.28213 1.28686 0.524463 0.924652 1.94215 2.19428 0.963644 0.875253 1.12103 2.01865 1.85883 1.14151 1.03419 0.837478 1.85978 1.88289 1.30666 0.36086 0.551088 1.80159 2.10474 1.00378 0.0560887 0 0.0610218 0.00486552 0 2.55447 5.80099 6.68523 6.58292 1.76348 
2.84968 2.80202 2.202 2.03616 2.31033 0.919404 1.25999 1.49122 2.0921 4.79177 8.75758 6.83314 3.04404 1.20838 1.58615 1.51808 1.80934 1.14583 0.857953 1.76176 1.75561 1.72378 1.01347 1.02962 1.48436 1.7163 1.41046 0.933428 1.36918 1.55928 1.1816 1.42732 1.39266 1.44891 1.45655 1.39683 1.407 0.801229 1.31569 1.68849 1.54794 1.15623 0.232412 0.702828 0.661861 0.852517 1.78106 2.28401 1.64547 1.12125 0.225715 
2.14183 2.62993 1.94761 1.71906 1.84609 1.36272 0.91194 1.46424 0.510745 0.520599 1.20037 0.946986 0.474407 0.579187 0.985777 1.08797 0.613563 0.458311 0.555734 1.14669 0.888175 0.454744 1.52047 5.78696 10.0984 8.575 5.67215 1.98087 0.833868 0.91087 0.796816 0.599073 0.437489 0.633628 0.763733 1.38158 0.923533 0.569244 0.924157 0.964642 0.635679 0.817906 2.79463 2.80926 3.23181 1.95497 1.62961 1.06198 4.24536 3.23885 0.760835 
1.31636 2.06806 1.33401 2.14849 1.56973 0.862359 1.50867 0.756263 0.46739 0.578862 1.42509 0.678061 1.21402 4.29729 8.63678 8.81093 5.28441 1.745 0.311188 1.18978 1.64773 1.6382 1.36992 0.677148 1.12121 1.56091 1.99422 1.37113 0.750685 1.21452 1.55645 1.71579 1.32448 0.767522 1.13805 1.68049 1.71742 1.11654 0.674713 1.35267 2.42814 1.85303 0.612334 0.15742 0.988741 0.587788 1.05782 3.65514 3.46201 2.80312 0.801907 
1.8908 2.43311 2.398 2.19305 3.36298 2.69093 2.77788 10.3299 4.15 1.42931 0.881998 2.17649 2.88252 1.4143 0.63547 2.10739 2.27111 1.09549 1.26412 1.91417 1.89813 1.20392 1.56508 1.87035 1.63659 1.51738 2.16027 1.855 1.44027 1.48469 0.579574 0.40904 1.15708 2.17821 0.614681 0.0598637 2.77029 0.000603813 0.0244113 0.260588 0 0 0.0296731 0.730268 5.17252 0.279824 0.0109549 0.860778 1.98447 5.65117 1.29535 
1.9413 2.30823 1.56956 2.09252 2.33261 1.03707 2.44578 1.32917 0.815554 0.836693 1.10264 1.07826 0.675548 0.444696 1.10746 1.38423 0.720971 0.394848 0.680267 1.35434 1.26556 1.33409 1.41127 1.78114 4.53751 7.87985 9.16085 4.93128 2.92508 3.87917 2.94602 2.73985 1.39544 1.39072 0.557762 1.27018 0.960967 1.7135 0.877495 1.30233 0.426998 1.00767 0.361518 1.38787 0.917019 2.08387 0.536427 1.19733 0.837479 1.91574 0.416282 
3.63677 2.86009 3.22369 1.68625 3.50127 1.02825 0.700299 2.18333 1.14238 2.85717 5.47795 10.6056 5.59761 2.45635 0.457997 1.90546 2.0849 1.40904 1.58969 0.753662 2.02481 2.06749 1.19462 1.25516 1.10209 1.41719 1.78931 1.49888 1.58558 1.20172 1.34581 0.952541 1.70299 1.53109 1.41188 1.13834 1.32638 1.09268 0.799477 1.15747 1.33206 0.948879 1.04006 0.318685 1.53969 0.73565 0.910164 1.0006 0.379372 0.0180867 0.0234679 
5.86129 5.15586 6.12152 3.50265 6.78324 3.37622 0.883067 4.37206 2.26897 0.751677 2.07668 3.33908 1.93485 0.732448 1.20897 3.03543 2.68705 0.568695 0.8379 1.68364 2.49934 1.81371 0.80034 1.22442 1.77691 1.47912 1.63824 1.70816 1.31929 1.53028 1.3113 1.30662 1.46424 1.74657 1.18038 1.24605 0.900454 0.690258 1.14764 1.54318 1.35359 0.572191 0.345318 0.175612 1.28749 0.701691 0.681187 0.333932 0.0283473 0.0119059 0.000944912 
2.88579 2.96975 2.27462 2.5155 3.05228 3.40478 5.52097 8.85075 4.27489 1.5775 1.58489 1.80942 2.37556 1.00301 1.66899 1.96086 2.69609 1.11976 0.77301 1.71108 1.78608 1.71806 1.16184 1.0815 1.56299 1.63101 1.63498 1.39999 1.04756 1.8307 1.53357 1.38835 1.47896 1.30165 1.5131 1.52392 1.4431 0.921166 0.965784 1.60624 1.45802 0.92931 0.58578 0.494765 0.98645 0.796688 0.926299 1.72025 0.460959 0.0606309 0.0208034 
3.54404 2.39267 2.98996 1.76131 3.11529 1.4618 1.53881 2.13568 0.896803 0.666651 1.21447 1.41564 0.73825 0.663291 0.969335 1.46077 0.927421 0.555473 3.9719 10.7729 10.8786 6.08551 2.26553 0.998926 1.24966 0.981797 0.669032 0.614796 0.776849 0.970782 0.835519 0.429312 0.707865 0.568261 1.11697 0.973116 0.709405 0.587818 0.808635 1.00915 0.963407 1.30996 2.57102 2.99421 2.78945 1.57032 1.25638 0.282054 0.343571 0.473932 0.015776 
0 0 0 0 0 0 0 0 0 0 0 0.00378382 0.0749196 0.746169 2.59734 3.27912 3.03929 1.32635 1.43747 2.54128 2.832 2.84051 1.55307 0.634546 0.33348 0.153749 0.392949 0.68361 0.665574 0.345778 0.243426 0.298228 0.523491 0.942423 1.55528 2.02914 2.73892 4.54594 6.76597 7.80173 7.03424 4.97225 3.01823 2.0881 2.66532 3.06887 2.17342 1.32768 5.60907 3.91751 2.19979 
1.67742 1.90718 2.41233 2.20493 4.2694 1.54587 0.243507 2.1098 0.849854 1.88313 5.04426 11.531 3.5063 1.2973 0.420547 1.30629 2.27824 1.00008 1.55725 0.431151 1.46834 2.21953 1.53788 1.70739 0.503381 0.642769 1.75803 2.06024 1.3487 0.627324 0.830567 0.869448 1.43046 2.09966 1.38827 0.961119 0.960658 0.649454 1.17904 1.54249 1.81643 1.38213 0.860688 0.391732 0.977563 1.97495 1.56393 5.93107 2.35216 0.357 0.131781 
2.38275 2.66449 1.68205 2.29509 1.78676 0.974524 1.46138 0.907422 0.453059 1.01133 1.54203 0.444032 1.49388 6.14473 8.42447 8.62808 4.74674 1.29268 0.904413 1.41174 1.51615 1.82307 1.09238 0.980943 1.31163 1.61494 1.65135 0.851956 0.978235 1.45527 1.59047 1.47161 1.06219 1.00963 1.49569 1.61625 1.55918 0.884654 1.15336 1.37452 2.71876 1.32788 0.352156 0.505717 0.516449 0.654664 1.51043 1.76249 2.51474 1.63069 0.360883 
3.61257 2.80745 2.9173 1.95856 2.81242 1.45489 1.31142 1.92152 1.02898 0.813447 1.07225 1.35601 0.834112 0.749022 0.98245 1.24494 0.933143 0.694701 0.762659 1.02697 0.866971 0.711605 0.632745 0.654549 1.03594 0.884444 0.52019 0.39548 0.577398 0.922393 0.643571 0.392213 0.803457 3.25736 6.03806 15.7798 7.90226 2.89284 1.09341 1.28027 0.698917 0.632858 0.754606 2.72771 2.67757 2.00387 1.66382 0.850522 0.33189 0.698955 0.379525 
7.09178 6.26663 6.02413 3.88618 4.58343 2.11008 3.7882 1.87161 2.75384 2.4637 1.34842 2.67122 2.22532 1.25494 1.92345 2.43874 1.75134 1.63797 2.1682 1.55015 1.40063 2.01286 1.68461 0.968965 1.50522 1.78583 1.16695 0.264093 0.291259 1.46104 0.220036 0.526272 0.313766 1.67558 0.221658 1.65241 0.628032 1.84807 0.144694 1.66198 0.106336 1.61509 0.159088 1.66539 0.564297 1.64892 0.200982 1.68212 0.383159 0.912968 0.818363 
4.19642 2.96915 3.55577 1.3535 3.33771 0.566721 0.294085 3.25913 0.371121 0.155622 1.16594 2.3933 0.329135 0.412559 3.04673 8.80221 6.58644 3.48339 1.5429 0.569642 1.909 1.27419 1.10141 1.16575 1.29618 0.955276 1.34182 1.64631 1.36053 1.18812 1.05641 0.87824 1.21313 1.64184 1.16767 1.47563 1.39211 0.967871 1.37778 1.08142 1.21961 0.957101 1.7207 0.798193 1.27464 0.806225 1.00055 1.52866 4.72819 1.58972 1.49425 
2.66188 2.63105 2.99687 2.9007 3.4007 1.22665 0.26292 2.28389 1.07683 0.450521 1.16964 1.75191 0.68876 2.93291 7.63082 5.9372 4.58436 2.0073 0.727346 1.32016 1.34959 1.58772 1.36535 0.83117 1.22491 1.35006 1.5336 1.37798 0.931054 0.937775 1.38389 1.43685 1.78366 1.02283 1.03917 1.15261 1.62746 1.95747 1.07022 0.991078 1.83071 2.21228 0.995481 0.066628 0.0998841 0.0216686 0.910545 1.31518 0.241947 2.17092 6.53789 
0.0625066 0.0863439 0.158385 6.43214 15.5709 1.77614 8.97966 2.59116 0.129039 0.0444962 0.76756 3.66363 1.0748 0.344316 1.04354 2.77307 2.82159 0.855175 0.376099 1.32631 2.81312 1.99449 1.37546 1.27418 1.17671 1.35078 1.54942 1.6204 1.38002 1.00795 0.660663 0.785253 1.63598 1.87234 0.924356 0.67878 0.35152 0.698697 1.54614 1.45926 0.961754 0.199915 0.384681 0.861956 1.99926 0.910372 0.204259 4.60123 2.70283 0.958576 0.182752 
4.69357 5.23308 3.03633 4.02534 4.94366 1.38958 2.66676 3.49898 0.785512 1.30694 3.09262 1.87309 0.544723 0.870083 2.82366 2.45375 0.728999 0.201621 0.805464 2.32224 2.55521 1.10577 0.620848 0.818898 0.960775 1.95613 2.21488 1.00323 0.527491 0.925349 1.23739 1.95573 1.8333 1.02834 1.01054 0.719703 0.856479 1.57527 1.83256 1.31578 0.881249 0.254053 0.26658 0.881759 2.2413 3.07369 1.6688 6.07873 2.042 0.0652987 0.19686 
0.476465 0.77169 0.610211 0.628361 1.20745 0.225511 0.951404 2.36231 0.465525 0.921296 2.36977 3.24179 1.45849 0.390298 0.53931 0.568315 0.624205 0.701298 0.266814 0.460436 0.587736 0.862013 0.749724 0.276058 0.318633 0.592401 0.783055 0.821898 0.666271 0.647528 0.614197 0.571283 0.832584 1.08447 0.74294 0.485709 0.447799 0.430159 0.559155 0.744636 1.32389 0.825799 0.854126 7.66814 14.2039 9.03002 3.72725 5.96599 4.69256 8.93504 1.7141 
0 0 0 0 0 0 0 0.100898 1.03249 3.52434 5.52589 5.25014 3.79111 2.06775 0.999446 1.79565 1.62235 0.858964 0.354474 0.274975 0.998226 2.05078 2.36722 6.22619 9.05411 8.38707 5.37144 1.52722 0.64597 0.775363 1.21033 1.07274 0.892449 0.506597 0.752633 1.41047 1.78091 0.975053 0.731234 0.728684 1.71494 1.60051 2.96452 2.18018 2.86384 1.66049 0.813283 1.0143 0.793658 0.669032 0.0620911 
1.60069 2.16543 1.68588 1.44312 1.91153 1.47173 1.01068 2.04151 0.802104 0.540017 0.829738 0.973431 0.823269 0.311704 0.728988 1.03795 0.799034 0.564416 0.434478 0.776231 1.02964 0.596266 0.547877 0.533713 0.865845 0.869243 0.79887 0.739469 0.422442 0.644696 0.83248 0.739141 0.97077 3.33705 6.55561 8.6196 10.0099 3.99177 1.17759 0.954722 0.883531 0.450608 0.444672 2.59852 4.07578 2.02833 2.68044 1.9171 4.33598 4.4143 0.98211 
0.665806 1.074 0.908126 1.37538 1.30732 0.425789 1.25286 2.14758 0.329657 0.889486 1.65352 1.17579 0.459927 0.216141 0.82456 0.882575 0.591455 0.233734 0.401215 0.730522 0.839291 0.623848 0.3321 0.438984 0.561645 0.709927 0.8321 0.744415 0.498464 0.54496 0.733105 0.966699 0.797682 0.673764 0.652122 0.964116 1.88376 4.54629 8.38244 9.22389 7.18459 3.39395 0.637741 0.905543 4.45113 4.42656 2.18472 5.08629 3.43109 5.56639 1.23694 
1.15944 2.13639 1.92051 1.78376 2.16969 1.48494 0.767967 1.26742 0.571688 0.533848 0.997096 0.978584 1.01034 2.34918 5.92169 6.88848 4.92151 2.28938 0.570145 1.02995 1.19646 1.56007 1.42886 0.723593 1.0098 1.26316 1.65245 1.40145 0.778131 0.998639 1.42731 1.29446 1.41343 1.14782 0.877132 1.5608 1.53067 1.62069 1.03076 1.0422 1.73748 2.15309 1.15472 0.175136 0.25127 0.00517241 0.573321 2.36416 4.48512 5.87087 6.51978 
1.71212 2.44247 1.96285 1.41818 2.17568 1.4107 0.734143 1.42805 0.611494 1.95106 6.41759 7.40568 3.89785 0.848674 0.948371 0.925009 1.7102 1.19501 0.806565 0.959701 1.38734 1.86012 1.14233 0.957832 1.06635 1.09 1.82765 1.43634 1.26224 1.08142 1.15699 1.29611 1.41397 1.45626 1.29605 1.16715 1.35095 1.24997 0.576919 1.16523 1.41485 1.46864 0.923257 0.370225 0.470097 0.653662 0.828233 5.28834 4.74331 6.99836 1.63842 
0.847777 1.44716 1.24017 1.3162 2.12315 1.01482 1.59504 2.91205 0.705783 0.548083 0.732603 0.840045 0.810406 0.33489 0.693541 0.943541 0.778351 0.6875 2.74799 6.21915 7.86558 5.85962 2.76675 0.967784 0.930815 0.762001 0.817171 1.03922 0.91213 0.969797 0.820151 0.728093 0.708199 0.972777 1.06169 1.19845 0.978415 0.524162 0.656008 0.953286 1.11195 1.5625 1.71505 2.5745 1.87597 2.38096 2.40093 3.54816 8.29663 4.39296 1.11002 
2.56336 2.76129 2.18076 1.51555 2.17811 2.13479 2.29009 7.56014 2.36578 2.2538 2.18825 2.48341 2.4712 1.65495 0.75 1.53203 2.20703 1.64251 1.14539 1.58088 1.47972 1.60922 1.35438 1.57995 1.10288 1.68157 2.06786 1.50668 1.15196 1.25991 0.831336 0.699194 0.933871 1.58272 0.732258 0.45576 2.08618 0.221429 0.168779 0.373387 0.559332 0.421544 0.0093318 0.742972 2.85403 0.524194 0.0451613 0.72477 4.99735 9.39435 2.38859 
0.0767142 0.318737 0.232179 0.550407 0.750255 0.593771 1.40216 3.51434 0.970723 1.47692 2.54048 3.34547 1.42346 0.503479 0.224542 0.64002 1.08537 0.678208 0.333333 0.406653 0.775543 0.780126 0.644518 0.388408 0.558893 0.793618 0.507383 0.585879 0.695859 0.824678 0.914291 1.62958 5.95748 10.8828 9.06602 5.71173 3.05007 1.48184 1.5168 1.03955 1.54141 0.78072 2.10956 2.88714 1.96631 1.59564 1.30474 2.88875 1.49474 4.7926 0.766124 
1.05731 1.85363 1.65409 1.3324 2.84548 1.25307 1.20562 2.23129 0.390923 0.38411 0.552135 0.902665 1.19942 1.16328 3.48923 6.89622 8.84086 2.38606 0.813968 0.482905 1.07775 1.37717 0.999027 1.08724 1.18737 0.536805 1.21195 1.81518 1.53096 0.955712 0.659204 0.615038 1.11218 1.76639 1.60835 1.04076 1.18117 0.556515 0.982966 1.30977 1.43886 1.59873 1.53668 0.460397 1.08176 1.94196 2.64278 7.27996 8.70836 0.508578 0.255749 
1.17019 1.6897 1.55221 3.26142 2.43388 1.48695 0.907421 1.71581 1.98822 5.61585 8.70963 6.6765 3.02639 0.360883 0.647985 2.13841 2.58981 1.60499 0.323922 1.18885 2.14408 2.06605 0.440621 0.385996 1.32598 2.20502 1.58009 0.689841 0.578178 1.27263 1.99518 2.06172 1.10428 0.6416 1.39827 2.25177 2.20687 0.944169 0.634293 1.57413 2.50702 1.91714 0.25979 0.167707 0.259932 0.317821 0.547673 1.01965 2.77696 3.95353 0.68296 
2.03323 2.88032 2.13909 1.49907 1.72884 1.45144 0.633863 1.93511 0.359762 0.383111 1.03474 1.25426 0.524853 1.39457 5.36248 7.72182 5.31092 2.90488 1.35131 0.881249 1.39729 1.1643 1.37932 1.09648 1.0159 1.00645 1.42974 1.54512 1.26321 0.870291 0.985389 1.27367 1.38168 1.29623 1.03939 1.20284 1.46483 1.25784 1.27432 0.796734 1.28363 1.45044 1.34594 0.890059 0.739149 1.04512 0.703123 3.6224 6.50917 3.50924 2.97579 
2.43327 2.43939 1.89474 1.90851 1.83002 1.33843 1.41472 1.00554 0.459178 0.886042 1.46836 0.48738 1.03977 5.38432 6.67361 5.42925 4.27132 1.73164 0.879828 1.22648 1.29197 1.62667 1.31358 1.01272 1.07046 1.44885 1.46166 1.12696 0.937094 1.04598 1.49216 1.20287 1.23728 1.01147 1.06128 1.59895 1.34751 1.20803 1.11348 0.992447 2.37859 1.64532 0.851147 0.176099 0.242925 0.346654 1.69187 1.60249 3.6587 3.75784 5.84512 
1.85615 2.42985 1.97973 1.49464 1.92737 1.52839 0.898462 1.7569 0.501301 0.458044 0.958517 1.08695 0.641601 0.253943 0.789038 1.08785 0.860371 0.453391 0.356664 0.8472 1.08269 0.669913 0.490024 0.513722 0.921727 0.888446 0.631033 0.619243 0.499014 0.783084 0.856546 0.659976 0.408872 0.520741 0.860134 0.861199 0.513604 0.595071 3.05453 8.03411 8.62468 6.43399 4.39424 1.34168 1.83383 5.23064 3.82319 2.69874 4.61865 4.7511 1.6192 
2.61875 3.10899 4.31303 2.93783 8.80122 3.45552 1.21226 4.96944 1.9107 0.575652 0.875042 3.20965 2.82618 0.104215 0.434609 1.98608 3.87044 0.7 0.10782 0.482585 2.05119 3.2107 1.16284 0.246034 0.599445 0.937881 2.03838 2.1878 0.924182 0.87421 1.26994 1.12446 1.52867 1.9091 1.58159 1.06356 0.789684 0.639989 1.0492 1.8518 2.03494 0.654964 0.374875 0.373766 0.858514 1.84903 0.788963 5.85369 2.28613 0.319523 0.0649473 
2.64339 2.69775 2.49945 2.08297 2.73973 2.76701 6.85683 8.79806 3.12008 1.32059 1.77419 1.79165 1.58098 1.11776 1.32335 2.5485 2.26502 0.767234 1.19355 1.48763 1.91958 1.68184 1.04264 1.12572 1.44521 1.49381 1.48332 1.25541 1.33551 1.46023 1.45228 1.44355 1.49901 1.44266 1.55756 1.62804 1.02077 1.14107 1.4557 1.79331 1.6624 0.565068 0.318825 0.639969 0.872072 1.54375 2.38489 2.05192 0.552033 0.313853 0.0423111 
2.33519 2.7124 1.93158 2.25833 2.19869 2.44458 5.81335 8.34608 2.56933 0.92761 2.05582 1.71506 1.77761 0.424147 1.67033 2.00487 2.21601 1.00482 0.56742 1.95331 1.98524 1.35221 0.580171 0.910542 1.9867 1.8866 1.18941 1.38424 0.9125 1.74337 1.6507 1.71717 1.21019 1.22831 1.4493 1.92108 1.50633 0.518072 0.6625 1.89568 1.87259 1.00191 0.0390562 0.411446 0.236948 0.0837851 0.968624 3.32535 2.74247 4.83022 0.870733 
3.68575 3.43626 3.46813 1.70132 2.34667 0.837502 1.90847 0.99648 1.33176 1.27645 0.621642 1.44654 1.17306 0.710117 2.71586 5.28516 4.45544 4.43357 6.13767 3.72086 1.90652 1.83083 0.980452 1.30545 1.86687 1.71577 0.98564 1.42264 3.14267 3.43617 1.80943 0.945155 0.0977395 1.75653 0.0518807 1.81406 0.789976 1.78108 0.0730962 1.75246 0.0427089 1.7733 0.0333519 1.81823 0.743561 1.75412 0.00898647 1.84269 0.0730035 0.911803 0.845099 
2.96264 4.32754 2.31471 3.95539 2.87385 1.56875 3.44522 3.29847 0.753907 1.28808 2.61912 1.28302 0.615015 0.896115 2.4935 1.92859 0.594675 0.294369 0.755129 1.98167 2.02575 0.94282 0.598254 0.63588 0.862767 1.96447 2.09681 0.906766 0.492012 0.884243 1.33392 2.01842 1.65901 0.891663 1.15914 0.78062 0.843736 1.58306 1.61467 1.12265 0.982104 0.285203 0.112178 1.00375 2.3292 3.73828 2.6797 11.0368 3.63675 0.097512 0.432126 
2.02557 2.65521 2.13285 1.66319 1.94443 1.31825 0.750024 1.66451 1.05133 2.64936 7.39768 6.24004 3.74194 0.838268 0.872407 1.427 1.57466 1.33802 0.770381 1.17926 1.66787 1.72981 1.0111 0.754553 1.20941 1.66699 1.53774 1.12224 1.09672 1.2586 1.41205 1.50102 1.29668 1.37596 1.25363 1.44619 1.42544 0.936155 0.800867 1.09599 1.62477 1.49985 0.449742 0.391497 0.66144 0.672933 1.17147 3.37932 4.01865 6.80131 1.49562 
1.12537 1.70537 2.25841 2.14466 4.86833 3.296 0.867939 1.22948 1.75497 0.380634 0.1543 1.63885 1.82149 0.300728 0.401102 4.34442 12.0525 7.65833 3.1051 1.63413 1.71265 1.13285 1.33497 1.53907 0.907302 1.10254 0.789215 1.26137 1.71698 1.41508 0.915174 0.727022 1.22909 1.58984 1.15351 1.65007 2.33714 1.78449 1.77859 1.09152 1.0122 0.917733 0.638851 1.29443 3.02047 1.62763 0.454044 0.592009 0.847865 0.557961 0.126156 
1.74985 2.16961 1.63386 1.49563 1.84658 1.40902 1.33584 1.99125 0.72108 0.494707 1.02056 1.00031 0.649969 0.447607 0.770021 1.02041 0.823796 0.481283 0.457426 0.942851 1.05331 0.577248 0.453283 0.658944 0.840902 0.879641 0.843434 1.56789 3.12826 5.02762 5.60571 5.51465 4.77493 2.02585 1.26481 0.875729 0.82556 1.20781 1.21226 1.24931 0.770712 0.338141 0.934643 2.82426 2.55945 1.88562 1.50529 3.39698 6.05615 7.16546 1.5145 
1.80852 1.98878 1.46011 2.17894 2.26135 1.31505 1.8996 2.40954 0.836721 0.7098 1.43599 0.7302 0.606557 0.500692 1.26434 1.1565 0.674244 0.595264 4.02397 11.2592 9.12153 6.31934 2.91177 0.963789 1.00109 0.90674 1.06922 1.06419 0.936976 1.0204 0.861785 0.905428 1.0137 0.954244 1.28729 0.857559 0.821639 0.764954 0.991913 1.09719 1.2314 1.6537 2.21574 2.34587 2.32124 2.26186 1.7471 2.17909 0.72204 0.327577 0.00823315 
2.57534 2.59611 1.61942 2.1111 1.81494 1.13359 1.59664 1.78708 0.573508 0.872685 1.63149 0.617819 0.36603 0.831332 1.28817 1.02715 0.553807 0.326333 0.707034 1.31296 0.796604 0.517305 0.541975 0.765367 0.939242 0.728924 0.668994 0.556469 0.701118 0.82299 0.629119 0.845471 0.62977 0.835591 0.730166 0.57901 1.28841 4.16003 8.02739 10.6521 7.60758 3.60291 0.923978 1.06413 3.87842 4.13187 2.14595 2.11241 1.81352 2.62007 0.340531 
2.51822 2.80717 2.21383 1.78427 1.94327 1.03153 1.20457 1.63767 0.90717 2.96306 7.73684 7.21941 3.71651 0.675894 1.68294 1.19301 1.52208 1.48186 0.512202 1.57824 1.67456 1.74534 0.983613 0.790115 1.5169 1.45657 1.93237 1.16285 1.15603 1.39727 1.27521 1.55454 1.56703 1.26569 1.29678 1.36968 1.65672 1.31268 0.669826 1.43191 1.58789 1.67164 0.461535 0.261128 0.354799 0.172151 0.55432 3.84322 2.42389 5.06564 1.05837 
2.09767 2.12376 2.31119 1.82127 2.42388 1.38632 2.86477 1.00395 2.00158 1.78648 0.704231 1.05852 1.57473 1.12021 2.52214 11.5449 11.1267 3.22519 1.00633 1.707 2.10241 1.41301 0.872084 1.09391 1.70364 1.61388 1.16074 0.585212 1.02412 1.24931 0.863582 0.0173982 1.86556 0.0514037 1.84599 0.420917 1.81317 1.00217 0.948399 0.502372 1.42744 0.231119 1.79953 0.133057 1.98221 0.216291 1.94286 0.412021 2.75524 2.30289 0.237248 
2.91574 2.74948 1.59622 2.06238 1.75348 1.19407 1.6601 1.4194 0.434152 0.999312 1.54347 0.587849 0.405525 0.88243 1.45847 0.91987 0.524783 0.448591 0.700294 1.38384 0.647353 0.448403 0.521408 0.912307 1.17439 0.531783 0.527345 0.594162 0.817926 1.0285 0.661229 1.01338 2.77492 6.47609 8.02556 7.35908 6.24827 2.04975 1.53503 1.27102 0.440278 0.193325 1.23801 3.70148 3.1652 2.23051 2.37196 2.01306 2.46003 2.48403 0.444715 
3.96172 2.6425 2.98779 1.79769 3.43092 0.971568 0.996959 2.61609 0.615321 0.552568 1.30175 1.71761 0.344854 0.568932 1.14062 1.46056 0.940915 0.439371 0.534466 1.09645 1.27274 0.692363 0.409973 0.612715 1.16871 0.797113 0.558795 0.610398 0.601516 0.938743 0.778625 0.485905 0.423779 0.795955 0.855571 0.903022 0.802037 1.28678 4.7528 8.81768 9.0545 5.61011 2.84085 0.541659 2.21394 4.63029 2.89795 0.942605 1.24483 2.62966 0.709741 
4.22612 2.93105 2.89842 1.79116 2.74339 1.08466 1.61864 2.33608 0.538527 0.991186 1.54293 1.02651 0.963748 4.57272 8.87994 8.27772 5.69747 2.43894 1.43958 1.50355 1.64707 1.76869 1.77971 0.942209 1.30253 1.4619 1.54357 1.41207 0.877452 1.20657 1.31326 1.44207 1.39266 1.07599 1.30082 1.46417 1.42877 1.36665 1.04151 1.31547 2.32983 1.70948 1.0273 0.278433 0.585655 0.200242 0.219505 0.0222491 0.040944 0.000853 0 
4.10945 4.86575 3.65981 3.54092 3.98779 2.40791 1.96923 3.34279 0.69199 1.24946 2.10593 1.88528 1.16301 0.749891 1.88333 2.18559 1.51829 0.193781 0.66985 1.74197 2.36439 1.31816 0.653299 0.835902 1.05888 1.73687 1.93108 1.36206 0.877198 0.948774 1.31371 1.53506 1.4262 1.34491 1.22119 0.69682 0.677068 1.29678 1.55839 1.33069 0.858205 0.1673 0.131865 1.02947 1.66464 3.43895 1.47249 9.38935 3.17935 0.0930649 0.165889 
1.1331 1.87878 1.30235 1.66528 1.87643 1.12386 1.6614 2.42271 0.45916 0.583515 1.16654 1.10741 0.641117 0.285862 0.724776 1.09191 0.861543 0.191275 0.232384 0.772111 1.06222 0.787325 0.331176 0.479116 0.554241 0.653156 0.935719 0.702841 0.491197 0.578114 0.563064 0.644291 0.778996 0.762256 0.802128 0.829299 2.3064 6.92776 10.4853 10.0965 7.46027 2.92863 0.827939 0.757391 2.4893 1.96161 1.02911 5.24051 2.24813 3.91754 0.186987 
1.48629 2.0318 1.64468 1.43513 2.17425 1.43418 1.1458 2.54945 0.638408 0.562271 0.767249 1.08679 0.985522 0.437493 0.552763 1.049 1.06722 0.375123 0.378832 0.667876 0.97996 0.799479 0.58452 0.71344 0.541284 0.669691 0.864531 0.811551 0.639789 0.551067 0.376898 0.533354 0.770721 0.808158 0.471222 0.241075 0.533709 0.255868 0.397333 0.572804 0.579076 0.12963 0.59667 5.86063 20.2754 8.01254 2.65841 4.79688 4.53438 7.83613 1.13369 
1.13812 2.02849 2.45542 1.0888 3.30992 2.0975 0.0702479 1.91542 0.481273 0.431247 0.145683 1.35212 1.50607 0.180587 1.12669 9.05275 11.6443 4.01846 2.40232 0.816248 1.06673 1.58009 1.31132 1.30649 0.591085 0.709601 1.23079 1.69606 1.81546 0.987779 0.90109 0.954018 1.24864 1.67988 1.26121 1.69896 2.50914 1.61808 1.09979 0.576666 1.1106 0.916652 1.61157 0.424301 2.01706 1.05583 0.723053 3.3792 3.53033 2.6303 0.496571 
0.0023079 0.0518599 0.234863 0.926419 2.97129 3.62178 7.72753 11.943 4.65565 1.59578 1.36526 2.15972 2.74857 1.20099 0.0840348 1.62985 3.1716 2.01894 0.0966603 0.608336 2.19156 2.28998 0.811024 0.276134 1.10677 1.84978 1.71199 1.16766 0.951466 1.26025 1.27396 1.93137 1.84523 1.26242 1.24376 1.66597 1.90504 1.17846 0.473731 1.22244 2.14513 1.765 0.516495 0.412503 0.716603 0.313875 0.297516 1.30451 1.52559 4.91997 0.649403 
3.14883 2.89308 3.03323 1.65239 2.55603 1.90401 4.7338 9.92545 2.9605 1.03778 1.4504 2.48974 1.60914 1.34359 0.911785 2.26025 2.12289 2.01399 0.431695 1.29353 2.44874 1.46991 0.679404 0.785787 1.47596 2.01962 1.56621 1.10826 1.05686 1.24347 1.68337 1.84361 1.29482 0.833968 1.19706 2.03698 1.8665 0.944048 0.569537 1.35506 2.19015 1.57672 0.379388 0.0919663 0.0422852 0.0421244 0.214213 0.552763 2.83702 4.94791 0.874163 
0.49028 1.0177 1.08322 1.46563 2.47349 0.982629 1.37439 2.53197 2.32377 5.32608 8.55025 5.77335 3.2317 0.397634 0.826702 1.60394 2.41327 1.26967 0.378112 0.990322 2.06841 1.87468 0.935727 0.496319 1.05658 1.75267 1.71933 1.28315 0.860038 1.09794 1.48954 1.60501 1.472 1.37497 1.34933 1.7659 1.4897 0.766068 0.865498 1.92282 2.19017 1.66829 0.192737 0.384978 0.578046 1.04798 1.43875 4.95103 2.6108 3.37737 0.810075 
3.36999 2.54551 2.844 1.9118 3.59139 1.09807 1.10402 2.55393 0.787021 0.558508 1.20587 1.66732 0.600755 0.560467 1.06947 1.34923 0.99775 0.417465 0.55437 1.18082 1.06323 0.719294 0.714794 2.04058 4.4881 5.5029 5.84321 4.2733 3.27584 2.43235 1.39758 1.27163 1.07912 0.857941 0.774971 0.890389 1.64249 0.78252 1.29203 1.12304 0.641913 0.349013 1.10438 1.54283 3.04326 1.15258 1.29871 1.95093 3.73563 4.03884 0.708841 
4.77842 3.46181 3.10626 1.0784 3.04615 0.510077 0.775595 2.79242 0.460349 2.09689 6.94574 7.04953 3.83051 1.38115 1.16238 1.7046 1.47985 1.54504 1.04882 1.34452 1.44181 1.72687 1.47718 0.988059 1.1578 1.2831 1.55451 1.52968 1.19216 1.21982 1.21216 1.25942 1.49189 1.65034 1.31021 1.20697 1.05582 1.33374 0.828295 1.10475 1.36936 1.16269 0.905985 0.553204 0.858021 0.569125 0.351673 2.22174 1.04978 5.11245 1.22289 
7.54704 5.69306 5.95692 2.04696 4.32365 2.03014 1.51145 4.74195 0.671598 1.18955 3.26524 2.17757 0.328615 1.4744 2.89626 2.14515 0.893233 1.15468 1.28639 2.96399 1.63654 0.856449 1.24857 1.34434 2.33164 1.92678 0.93671 0.474503 1.0485 2.35119 1.57205 0.609609 0.40375 1.23853 2.18392 1.33743 0.371109 0.593753 1.44749 2.30346 1.05739 0.101455 0.0324551 0.192951 0.0550568 0.0369967 0.107219 0.478673 4.6857 2.92691 0.811033 
1.72949 2.27914 2.03395 1.41709 1.90061 1.52053 1.10487 2.02968 0.552153 0.575231 0.971702 0.986326 0.514321 0.618109 0.764041 1.03714 0.771547 0.685618 4.73415 10.4648 10.3442 5.96036 2.02644 0.811492 0.974506 0.801484 0.690881 0.588431 0.619532 0.792037 0.821111 0.580235 0.368691 0.559529 0.891683 1.00393 0.603701 0.379217 0.663316 0.877707 0.828531 1.80597 2.67332 3.81067 2.72259 1.72448 1.64623 0.878915 3.93344 3.19183 0.735053 
1.81259 2.23289 1.84237 1.4778 1.68053 1.54586 1.20353 2.17955 0.70302 0.537537 1.01379 1.05703 0.566707 0.491679 0.74224 1.09307 0.840361 0.510191 0.49037 0.965735 0.980273 0.526552 0.426561 0.597934 0.960359 0.946288 0.597981 1.93675 5.52309 8.77267 8.2105 5.75799 2.99687 1.03754 0.766548 0.893558 0.981114 0.563762 0.744016 1.04829 0.936846 0.975832 2.33433 3.35999 2.4482 2.926 1.44886 1.16978 3.82105 3.58349 0.74009 
1.51608 2.48713 2.05946 2.16895 2.40921 2.53212 3.91605 7.50357 1.97223 0.924497 1.7769 1.83321 1.36095 0.389824 1.20909 2.02829 1.47927 1.42106 0.406981 1.63853 2.13987 1.19593 0.629559 0.713116 1.64442 2.13234 1.08015 1.30515 0.701788 1.64082 1.70663 1.61928 1.05638 1.11525 1.48189 1.9429 1.48694 0.425709 0.555235 1.72248 2.04315 1.05979 0.0303844 0.285116 0.0843429 0.0151922 0.923777 3.54757 4.79883 9.16345 1.71914 
2.8887 2.99115 2.89104 2.18069 2.50369 1.50099 1.42662 0.977989 1.53938 0.955027 0.617038 1.41389 1.21901 0.464132 0.808263 1.24717 0.923291 0.811993 1.08402 1.11422 2.59305 7.80914 9.36863 5.60826 2.40717 2.03203 1.03956 0.586252 3.33214 3.21016 2.34669 1.76702 0.664424 1.51773 0.198026 1.88234 1.24505 1.7796 0.38596 1.46274 0.250165 1.44899 0.196271 1.83327 1.24658 1.60095 0.165265 1.69865 0.328044 0.697038 0.740475 
3.03126 2.85597 3.02429 2.56065 3.19486 3.38508 6.88251 3.95199 5.39226 4.45843 2.07547 1.50517 2.33347 1.97395 1.00725 2.14868 2.25857 1.24062 1.82457 2.12334 1.78254 1.62858 2.41253 1.85477 1.10384 1.55692 2.71186 0.922422 0.197606 0.835762 0.250264 0.598733 0.181415 1.68335 0.186765 1.74558 0.585005 1.86118 0.0915171 1.75213 0.100035 1.70412 0.153115 1.72559 0.501162 1.73706 0.220627 1.76642 0.177684 0.813094 0.929954 
4.03966 2.75127 3.03162 1.74875 3.1774 1.07202 1.22742 2.19762 0.772828 0.650881 1.343 1.47487 0.603177 0.670761 1.21267 1.40417 0.781017 0.569829 0.63613 1.25652 1.02718 0.464259 0.851117 4.35085 10.6422 9.69725 6.47931 2.34285 0.94021 1.52607 0.983622 0.514479 0.584382 0.625031 0.953678 1.22786 0.909131 0.679641 0.785654 1.09457 0.754082 0.627497 2.59563 2.49193 2.84559 1.8156 1.07962 0.388733 0.338809 0.708598 0.0529328 
2.65335 2.45758 2.40069 2.15387 4.22575 1.0377 1.35594 2.90983 0.628616 0.487483 0.90766 2.06566 0.541823 0.31562 0.945585 1.33548 1.32791 0.336606 0.885699 5.14091 9.76893 10.4712 5.20664 2.44686 1.04759 1.29913 1.46462 1.47594 1.49363 1.4569 0.628167 0.783541 1.09916 1.52908 1.24352 1.33473 1.01319 0.956303 0.890496 1.20694 0.944086 1.62532 1.83571 0.877305 1.28834 1.87003 0.597811 0.325289 0.240893 0.401889 0.0629591 
3.85861 3.66725 5.07541 3.62495 6.52481 3.58704 0.985531 3.73809 2.1186 0.962237 1.51154 3.27725 2.15643 0.267403 0.955333 3.00465 2.49788 0.753009 0.410861 1.76412 2.69591 1.04013 0.584757 0.975925 1.95452 2.03464 1.55819 1.36271 0.883469 1.10449 2.35701 1.87503 0.751088 0.525981 1.18924 2.56708 1.67886 0.37706 0.418335 1.49884 2.6149 1.09717 0.0945877 0.0282172 0.018071 0.0613874 0.11473 0.16387 4.01903 3.75826 0.855492 
6.18264 5.64069 4.42027 4.88786 5.01204 2.16056 2.85003 2.73949 1.66056 1.72494 2.67677 2.14074 1.4152 1.0707 2.67301 2.44054 1.29082 0.704415 1.10848 2.76568 1.96433 0.687005 1.01495 1.56688 2.0869 1.50562 1.23216 1.15941 1.50958 1.92388 1.61671 1.29814 1.40888 1.08881 1.70657 1.29267 0.856197 1.06212 1.115 1.64496 1.01084 0.429152 0.413648 0.5713 1.00983 0.761616 1.20672 1.74611 0.430156 0.0819368 0.0324636 
1.64434 1.60262 1.08449 1.89856 1.70462 1.58369 2.81953 3.50259 1.56042 0.884054 1.06725 0.602807 1.01554 0.782048 1.08533 0.822831 1.12405 0.654611 0.515777 0.914854 0.859 0.795046 0.969389 4.76896 9.93849 9.31986 6.88226 2.71009 0.876236 0.848074 0.923425 0.882547 0.797871 0.62918 0.804465 1.05651 1.06254 0.661298 0.695394 1.00367 0.85024 0.977301 2.67825 2.99896 3.07629 2.3873 2.17208 1.97683 0.295093 0.219459 0.0138457 
3.71527 2.75004 3.07108 1.97411 3.74557 0.755811 0.795763 2.73916 0.427891 0.504737 1.2163 1.9451 0.325037 0.511209 1.11968 1.44678 0.938394 0.32692 2.10609 5.69897 7.22436 6.72404 3.10697 1.8476 1.33522 0.918682 1.00747 1.05231 1.23707 1.14863 0.803942 0.715975 0.942866 1.06643 1.05978 1.11497 1.13339 0.836246 0.96752 0.995234 0.863783 1.185 1.56717 2.21006 1.86802 1.69485 1.00724 0.410533 6.62677 1.76958 0.444366 
4.79951 3.67706 2.7122 2.09814 2.57582 0.556034 1.29874 2.12522 1.19761 5.43888 9.18236 7.58477 3.51127 1.17385 1.57681 1.82427 2.16313 1.65506 0.993258 1.80438 1.62909 1.95491 1.15153 0.941866 1.59814 1.60809 1.50376 1.08333 1.00597 1.55438 1.42893 1.61671 1.22922 1.57449 1.34615 1.62434 1.27476 1.0273 0.913462 1.6544 1.85886 1.18192 0.400641 0.65252 0.802166 0.203249 0.137489 0.0671972 0.0267462 0 0 
5.94318 5.80506 3.33757 5.23011 3.82173 1.96436 3.07088 2.01977 1.59512 2.24854 2.90478 1.55739 0.896846 1.66014 2.81353 2.03846 0.809966 0.668079 1.95824 2.63257 1.29863 0.986013 1.09851 1.80149 2.02199 1.33152 1.12709 1.1979 1.71723 1.63674 1.47804 1.82678 1.27295 1.68045 1.50952 1.03537 0.741914 1.35606 1.55437 1.77567 0.529823 0.387264 0.245108 0.762424 0.678502 1.40703 2.42176 2.44187 0.313362 0.285993 0.10228 
3.77249 2.66179 2.86927 2.00357 3.63994 0.949093 0.997129 2.40018 0.659618 0.497444 1.3165 1.69127 0.443596 0.601779 1.18185 1.39801 0.884672 0.479098 0.547091 1.25278 1.0799 0.604299 0.465794 0.681535 1.08718 0.835586 0.599048 0.66564 0.875639 2.84259 3.13809 3.87907 4.40445 4.79924 4.08179 3.1969 1.87837 1.74386 1.57832 1.41489 0.672992 0.203907 0.342623 2.49436 2.98663 2.22078 1.33842 1.69281 2.54058 5.29263 1.11491 
2.62127 2.55738 2.48602 2.15018 3.14459 1.38626 2.28953 1.78389 1.01121 0.942378 0.859128 1.49333 0.848205 0.554859 0.920208 1.25318 1.07472 0.474776 0.776201 0.942669 1.00388 0.99861 0.694115 0.562874 0.682836 0.848916 0.804479 0.364929 0.344666 0.65821 0.314417 0.644314 0.557864 0.854701 0.312963 0.64273 1.30983 12.8553 6.1528 15.5425 4.05497 2.40277 0.50593 1.28197 1.38076 1.43661 0.361471 0.939146 0.193517 2.16631 0.555602 
6.97765 5.33001 3.9058 3.70142 3.12733 1.86665 2.71794 2.19809 1.20071 2.1723 2.9978 0.772496 0.599826 2.38912 2.73037 1.37388 0.725003 1.11885 2.12224 2.68173 1.0647 0.576515 1.34103 1.97008 2.28096 1.03304 1.00363 1.30767 1.66439 1.71073 1.1879 1.01881 1.03295 1.5382 1.42527 0.90061 0.482036 0.856651 1.50736 1.80654 0.663286 0.0628183 0.0806222 0.616253 0.601661 0.452668 1.87716 2.55756 3.96701 2.93558 0.767081 
3.81723 4.30587 3.80391 3.4363 4.21017 3.15093 1.62166 2.32581 1.46611 1.4935 1.68019 1.83107 1.46266 1.01247 1.37106 2.08475 1.43559 0.833766 1.12925 1.84128 1.89145 0.832444 0.78289 1.66172 1.88436 1.29609 1.17152 1.5355 1.53838 1.46044 1.49251 1.40791 1.11692 1.41575 1.18792 1.43592 0.92182 0.487505 0.916009 1.3815 1.32746 0.700836 0.0467193 0.233266 0.514573 0.0076527 1.17058 1.8495 6.9171 6.57551 1.52468 
2.47999 3.00326 1.95417 2.30712 1.51623 1.06325 1.36316 1.79784 0.190376 0.627606 1.93094 0.87886 0.390956 2.70555 9.17736 6.55292 5.03246 1.33131 0.477963 1.79018 1.19733 1.4528 1.27756 0.888273 1.3614 1.2451 1.76097 1.24439 0.885722 1.34275 1.21958 1.38172 1.37811 0.998416 1.43371 1.32577 1.6745 1.31319 0.913698 1.65224 1.5655 2.17313 0.748394 0.226269 0.600422 0.738189 0.882555 2.6262 3.34495 2.66869 2.90701 
1.91874 2.39309 1.9614 1.57524 1.95496 1.34167 1.0807 2.18132 0.401686 0.502746 1.04637 0.941539 0.660103 0.446891 0.843308 1.01891 0.867214 0.345222 2.4424 5.93072 6.60403 6.55167 3.11936 1.77669 1.27617 0.780576 0.950469 1.1887 1.30584 1.18304 0.861057 0.691497 0.902435 1.19003 1.25287 1.16379 1.03589 0.71213 0.835432 1.00449 0.927228 1.3673 1.5581 2.05624 1.33524 2.13944 1.22952 4.48805 8.54667 2.53769 0.574131 
3.11858 2.93665 2.69276 2.07413 3.1787 1.02763 1.89698 1.94673 0.93465 0.863954 0.932528 1.60807 0.755908 0.539981 1.01257 1.28948 0.930446 0.510592 0.762888 0.961019 0.954161 0.943794 0.726519 0.656925 0.696314 0.843341 0.767746 0.510347 0.38924 0.636802 0.292298 0.473407 0.619699 0.772644 0.2096 0.445773 0.427813 0.678109 0.372954 0.624801 0.160251 0.447569 0.827871 10.9802 15.1759 12.6521 1.18417 1.61035 1.02114 3.95718 0.966733 
3.28804 2.7251 2.58016 2.93298 1.58433 0.615095 1.53993 1.80709 1.15105 4.49969 9.21471 8.25779 3.08566 0.655429 2.08128 1.48411 1.90039 1.66938 0.57965 1.7694 1.71196 1.92402 1.27022 0.891118 1.40079 1.47668 2.0549 1.32756 0.820432 1.37727 1.47494 1.54482 1.44775 1.40945 1.30536 1.47678 1.53229 1.21135 0.923202 1.75779 1.6812 1.50448 0.425138 0.486555 0.811571 1.09941 0.694337 2.27246 0.178346 0.0730291 0.0135465 
5.66416 5.47582 2.56661 4.52971 2.46527 1.5171 3.6017 1.61779 0.981938 2.21421 3.20477 0.739242 0.360805 1.67356 3.30709 1.18907 0.488052 0.614398 1.82938 2.7531 1.0456 0.506628 1.17534 2.12875 2.45806 0.748852 0.900682 1.46102 2.04217 2.02167 1.00356 0.885366 1.02806 1.83474 1.90626 1.03497 0.276889 0.727101 1.79986 2.19756 0.655841 0.0386975 0.00759363 0.190699 0.169162 0.138745 2.7422 4.27985 4.4291 3.39933 0.971856 
5.423 3.32344 3.09518 1.84611 2.25608 0.580832 1.42399 1.98434 0.426944 1.44447 1.80208 0.368456 0.637349 4.33582 7.2747 4.86407 4.57656 2.41884 1.68357 1.77087 0.83253 1.53888 1.83735 1.14337 1.39726 0.923877 1.33877 1.38949 1.18532 1.1724 0.820044 1.13987 1.50471 1.33855 1.13735 1.00296 1.35268 1.55685 1.17284 1.15181 1.48401 1.8897 1.25893 0.475027 0.270318 0.226287 0.0535597 0.151807 1.91084 1.81961 4.98631 
3.00673 3.09537 3.13781 2.01081 2.32096 1.46089 1.71756 0.914885 1.50763 1.0996 2.27852 9.07533 8.88443 3.8199 2.27703 1.65234 1.19677 1.05372 1.20672 1.15191 0.836426 1.34617 1.41751 1.23412 1.35134 1.49072 0.857646 2.73479 3.0942 3.15238 1.54671 0.726176 0.273902 1.68092 0.386422 1.72038 0.592279 1.73158 0.222457 1.70135 0.19372 1.70535 0.208128 1.69251 0.638165 1.68609 0.227155 1.75202 0.232715 0.934774 0.762979 
4.42724 4.7315 4.55182 3.17304 5.49006 3.44841 1.06581 4.13643 2.20468 0.684882 1.8181 2.81565 2.13459 0.808086 1.17541 2.73724 1.64384 0.690538 1.71622 2.1216 1.27759 1.2195 1.37817 2.1936 1.33392 1.58682 1.44061 1.78653 1.78294 1.95345 0.524228 1.04097 1.94635 2.32826 0.287832 0.00924794 1.01659 0.0282024 0.105472 0.288979 0 0 0.00382146 0.988765 4.39185 0.236701 0.136197 1.28478 3.05663 5.18175 0.615102 
6.57573 5.88378 6.11338 1.56717 4.48878 2.2507 1.08403 5.59153 0.518679 0.460991 2.0576 3.57179 1.02821 0.272639 1.35714 2.96434 2.35938 0.108725 0.303727 1.14934 3.42143 1.92224 0.49695 0.844896 1.11898 1.31686 2.19873 1.84617 0.982846 1.20716 0.87213 0.901482 1.83418 1.92452 1.13134 0.571368 0.329691 0.889369 1.82262 1.77615 1.0216 0.161584 0.224015 0.461796 1.42986 1.82452 0.497289 6.00805 2.09229 0.132063 0.0301567 
3.79502 2.79968 2.96165 1.77778 3.14583 1.15203 1.32262 2.35151 0.77035 0.607942 1.32851 1.43546 0.642596 0.680417 1.16426 1.3505 0.762259 0.616738 0.745679 1.17674 0.952417 0.52632 0.60869 0.664453 1.02608 0.895598 0.559567 1.58894 3.86248 9.68992 8.00844 7.14403 3.90589 2.02287 0.911738 0.935969 0.989709 1.26131 1.05669 1.18347 0.730903 0.661551 1.77576 2.79111 2.13598 2.19346 0.68697 0.531686 0.195611 0.84542 0.0693962 
4.11909 4.72944 2.79707 4.41349 2.93024 1.62093 2.90455 1.68759 0.929459 1.33285 3.11919 0.98427 0.598602 1.11686 2.75915 1.68667 0.614817 0.523255 1.26168 2.51588 1.53957 0.506991 0.800709 1.63608 2.15196 1.21162 0.946111 1.33964 1.52457 1.70774 1.37756 1.37275 1.1721 1.51282 1.56073 1.31304 0.492281 0.724536 1.43601 1.76867 1.01073 0.183659 0.0314108 0.397806 0.394067 0.542577 2.01359 5.04146 6.2975 4.97747 1.36916 
4.42399 5.42424 4.92638 2.14542 4.00031 3.16216 1.04336 3.91895 0.841681 0.809149 1.93217 2.44997 0.993959 1.46029 1.70539 2.2349 1.41518 1.42046 1.33816 2.16077 1.59294 1.24339 1.38667 1.54254 1.45702 1.88403 1.407 0.766172 0.920652 1.43085 1.0146 0.853322 0.758243 1.00491 1.02699 0.8666 1.28725 0.253461 0.66738 1.12264 0.747861 0.137491 0.0354896 0.609804 1.36396 0.379562 0.301221 1.12195 8.06009 6.52058 1.42845 
4.21263 4.5329 2.85729 4.67883 4.77453 2.11847 3.00425 2.84053 1.35581 1.11602 2.84625 1.84264 1.13222 0.78991 2.67728 2.25418 1.19509 0.495595 0.906536 2.64578 1.85188 0.550385 0.677496 1.4598 2.56753 1.37476 0.799966 1.47587 1.29122 2.07434 1.74406 1.35026 1.05763 1.255 1.89455 1.81062 0.820764 0.373641 0.984057 2.13665 1.61325 0.436122 0.0185209 0.339306 0.163336 0.0468394 0.999613 3.07546 3.65558 3.95827 0.866486 
4.74437 4.70308 4.04385 4.54271 5.01225 2.88922 4.52893 1.50738 2.71096 2.17378 1.16667 2.6752 2.00738 1.24738 1.81584 2.39775 1.71375 1.65409 2.33284 1.72446 1.53489 2.21451 2.16546 1.01684 1.42263 2.00744 1.63982 0.296533 0.167268 0.755796 0.504374 3.52236 0.199256 1.87216 0.102253 1.84279 0.206529 1.88736 0.144193 1.87254 0.121829 1.82218 0.0944882 1.9165 0.226542 2.02636 0.125383 1.84367 0.0695538 0.998578 0.788058 
9.14955 5.58852 6.26894 3.3107 5.50896 1.74047 1.98902 4.9321 1.17443 1.30479 3.48795 2.5731 0.789608 1.67989 2.8597 2.51618 1.11123 0.87204 1.62427 2.77466 1.94768 0.861638 1.12022 1.81543 2.03042 1.68569 1.24379 1.04417 1.34259 1.68287 1.44823 0.981444 1.10914 1.24844 1.3718 1.25697 0.648842 0.874915 1.46244 1.58559 0.884324 0.122105 0.143223 0.618734 0.945324 0.11876 0.0719251 0.0561393 0.0206994 0.000209085 0.000104542 
6.42351 5.30928 5.65841 2.58134 5.0353 2.12853 1.19868 5.3502 0.529728 0.961234 2.36451 3.25198 1.18637 1.98339 1.89232 2.59188 1.44943 1.38366 1.63518 2.09584 1.35513 1.23983 1.64957 2.011 1.2639 1.77163 1.51896 1.24437 1.04577 0.471425 0.322052 1.17037 1.17391 0.430967 0.0234597 0.0903777 3.15506 0.0386893 0.0153065 0.017614 0 0.0399969 0.130759 1.55434 4.27321 0.462426 0.0364587 0.764557 4.48542 3.60518 0.62749 
